# Temperatura_=_19.25384615384615
# Concentracion g/m^3_=_8100.0
# C_Vs_to_Am_M_A/Vsm_=_254322799225.57578
# pendiente_HvsI_1/m_=_3716.3
# ordenada_HvsI_A/m_=_1297.0
# frecuencia_Hz_=_135546.16818988268
# Promedio de 26 ciclos

Tiempo_(s)	Campo_(V.s)	Magnetizacion_(V.s)	Campo_(kA/m)	Magnetizacion_(A/m)
0.000000e+00	-1.069792e-08	-4.386955e-09	-5.702382e+01	-1.269251e+03
1.000000e-08	-1.069794e-08	-4.387424e-09	-5.702396e+01	-1.269384e+03
2.000000e-08	-1.069737e-08	-4.387314e-09	-5.702118e+01	-1.269348e+03
3.000000e-08	-1.069596e-08	-4.386598e-09	-5.701405e+01	-1.269166e+03
4.000000e-08	-1.069353e-08	-4.385662e-09	-5.700153e+01	-1.268923e+03
5.000000e-08	-1.069020e-08	-4.385140e-09	-5.698402e+01	-1.268773e+03
6.000000e-08	-1.068623e-08	-4.384393e-09	-5.696303e+01	-1.268558e+03
7.000000e-08	-1.068173e-08	-4.383086e-09	-5.693926e+01	-1.268195e+03
8.000000e-08	-1.067658e-08	-4.382668e-09	-5.691204e+01	-1.268111e+03
9.000000e-08	-1.067060e-08	-4.384195e-09	-5.688052e+01	-1.268446e+03
1.000000e-07	-1.066360e-08	-4.382486e-09	-5.684365e+01	-1.267693e+03
1.100000e-07	-1.065541e-08	-4.373351e-09	-5.680048e+01	-1.265003e+03
1.200000e-07	-1.064593e-08	-4.367453e-09	-5.675035e+01	-1.263679e+03
1.300000e-07	-1.063545e-08	-4.374863e-09	-5.669464e+01	-1.266281e+03
1.400000e-07	-1.062458e-08	-4.387244e-09	-5.663679e+01	-1.269591e+03
1.500000e-07	-1.061329e-08	-4.377018e-09	-5.657695e+01	-1.266096e+03
1.600000e-07	-1.060104e-08	-4.348202e-09	-5.651207e+01	-1.258162e+03
1.700000e-07	-1.058790e-08	-4.352066e-09	-5.644215e+01	-1.259760e+03
1.800000e-07	-1.057423e-08	-4.373603e-09	-5.636943e+01	-1.265321e+03
1.900000e-07	-1.055968e-08	-4.355131e-09	-5.629236e+01	-1.259283e+03
2.000000e-07	-1.054390e-08	-4.339711e-09	-5.620861e+01	-1.254978e+03
2.100000e-07	-1.052733e-08	-4.372428e-09	-5.612052e+01	-1.264673e+03
2.200000e-07	-1.051028e-08	-4.381521e-09	-5.602996e+01	-1.267525e+03
2.300000e-07	-1.049241e-08	-4.342722e-09	-5.593505e+01	-1.257154e+03
2.400000e-07	-1.047371e-08	-4.338143e-09	-5.583561e+01	-1.256360e+03
2.500000e-07	-1.045450e-08	-4.355852e-09	-5.573344e+01	-1.260814e+03
2.600000e-07	-1.043468e-08	-4.329727e-09	-5.562813e+01	-1.252579e+03
2.700000e-07	-1.041410e-08	-4.319604e-09	-5.551867e+01	-1.249289e+03
2.800000e-07	-1.039285e-08	-4.358951e-09	-5.540568e+01	-1.259978e+03
2.900000e-07	-1.037089e-08	-4.364223e-09	-5.528895e+01	-1.261096e+03
3.000000e-07	-1.034806e-08	-4.343948e-09	-5.516744e+01	-1.255833e+03
3.100000e-07	-1.032456e-08	-4.367048e-09	-5.504234e+01	-1.263141e+03
3.200000e-07	-1.030059e-08	-4.375772e-09	-5.491478e+01	-1.265932e+03
3.300000e-07	-1.027591e-08	-4.336792e-09	-5.478356e+01	-1.255464e+03
3.400000e-07	-1.025036e-08	-4.331326e-09	-5.464763e+01	-1.254510e+03
3.500000e-07	-1.022396e-08	-4.345374e-09	-5.450721e+01	-1.258136e+03
3.600000e-07	-1.019670e-08	-4.316085e-09	-5.436223e+01	-1.249199e+03
3.700000e-07	-1.016872e-08	-4.306287e-09	-5.421325e+01	-1.246094e+03
3.800000e-07	-1.014013e-08	-4.334123e-09	-5.406108e+01	-1.253431e+03
3.900000e-07	-1.011084e-08	-4.322150e-09	-5.390516e+01	-1.249463e+03
4.000000e-07	-1.008079e-08	-4.308186e-09	-5.374522e+01	-1.245394e+03
4.100000e-07	-1.005003e-08	-4.331673e-09	-5.358145e+01	-1.252002e+03
4.200000e-07	-1.001858e-08	-4.322910e-09	-5.341399e+01	-1.249344e+03
4.300000e-07	-9.986532e-09	-4.303639e-09	-5.324333e+01	-1.243900e+03
4.400000e-07	-9.953873e-09	-4.318637e-09	-5.306947e+01	-1.248249e+03
4.500000e-07	-9.920386e-09	-4.309537e-09	-5.289133e+01	-1.245526e+03
4.600000e-07	-9.885921e-09	-4.285371e-09	-5.270799e+01	-1.238481e+03
4.700000e-07	-9.850573e-09	-4.291735e-09	-5.251984e+01	-1.240326e+03
4.800000e-07	-9.814581e-09	-4.286941e-09	-5.232818e+01	-1.239045e+03
4.900000e-07	-9.778049e-09	-4.267496e-09	-5.213367e+01	-1.233384e+03
5.000000e-07	-9.740894e-09	-4.268505e-09	-5.193593e+01	-1.233527e+03
5.100000e-07	-9.703016e-09	-4.262260e-09	-5.173438e+01	-1.231826e+03
5.200000e-07	-9.664417e-09	-4.244435e-09	-5.152895e+01	-1.226786e+03
5.300000e-07	-9.625167e-09	-4.242855e-09	-5.131993e+01	-1.226237e+03
5.400000e-07	-9.585341e-09	-4.236849e-09	-5.110780e+01	-1.224487e+03
5.500000e-07	-9.544924e-09	-4.219079e-09	-5.089257e+01	-1.219339e+03
5.600000e-07	-9.503746e-09	-4.213925e-09	-5.067337e+01	-1.217771e+03
5.700000e-07	-9.461591e-09	-4.209274e-09	-5.044902e+01	-1.216553e+03
5.800000e-07	-9.418488e-09	-4.194155e-09	-5.021957e+01	-1.212285e+03
5.900000e-07	-9.374673e-09	-4.185073e-09	-4.998626e+01	-1.209539e+03
6.000000e-07	-9.330314e-09	-4.178263e-09	-4.975001e+01	-1.207549e+03
6.100000e-07	-9.285409e-09	-4.164601e-09	-4.951085e+01	-1.203671e+03
6.200000e-07	-9.239884e-09	-4.153572e-09	-4.926839e+01	-1.200456e+03
6.300000e-07	-9.193709e-09	-4.144938e-09	-4.902247e+01	-1.198010e+03
6.400000e-07	-9.146910e-09	-4.133003e-09	-4.877321e+01	-1.194627e+03
6.500000e-07	-9.099490e-09	-4.121997e-09	-4.852061e+01	-1.191367e+03
6.600000e-07	-9.051406e-09	-4.111599e-09	-4.826451e+01	-1.188353e+03
6.700000e-07	-9.002585e-09	-4.099095e-09	-4.800450e+01	-1.184843e+03
6.800000e-07	-8.952887e-09	-4.087488e-09	-4.773981e+01	-1.181465e+03
6.900000e-07	-8.902246e-09	-4.076088e-09	-4.747014e+01	-1.178128e+03
7.000000e-07	-8.850719e-09	-4.063458e-09	-4.719574e+01	-1.174506e+03
7.100000e-07	-8.798441e-09	-4.051353e-09	-4.691730e+01	-1.171025e+03
7.200000e-07	-8.745505e-09	-4.038626e-09	-4.663540e+01	-1.167382e+03
7.300000e-07	-8.691953e-09	-4.025103e-09	-4.635022e+01	-1.163501e+03
7.400000e-07	-8.637844e-09	-4.013038e-09	-4.606199e+01	-1.159937e+03
7.500000e-07	-8.583213e-09	-4.000212e-09	-4.577099e+01	-1.156162e+03
7.600000e-07	-8.528070e-09	-3.985114e-09	-4.547726e+01	-1.151866e+03
7.700000e-07	-8.472370e-09	-3.971179e-09	-4.518053e+01	-1.147929e+03
7.800000e-07	-8.416092e-09	-3.958325e-09	-4.488073e+01	-1.144233e+03
7.900000e-07	-8.359225e-09	-3.943688e-09	-4.457783e+01	-1.139987e+03
8.000000e-07	-8.301660e-09	-3.928453e-09	-4.427124e+01	-1.135553e+03
8.100000e-07	-8.243324e-09	-3.913944e-09	-4.396060e+01	-1.131342e+03
8.200000e-07	-8.184228e-09	-3.898652e-09	-4.364591e+01	-1.126933e+03
8.300000e-07	-8.124474e-09	-3.882981e-09	-4.332767e+01	-1.122394e+03
8.400000e-07	-8.064202e-09	-3.867742e-09	-4.300657e+01	-1.117965e+03
8.500000e-07	-8.003462e-09	-3.851641e-09	-4.268299e+01	-1.113321e+03
8.600000e-07	-7.942223e-09	-3.834877e-09	-4.235678e+01	-1.108534e+03
8.700000e-07	-7.880450e-09	-3.818970e-09	-4.202773e+01	-1.103994e+03
8.800000e-07	-7.818171e-09	-3.802898e-09	-4.169600e+01	-1.099345e+03
8.900000e-07	-7.755413e-09	-3.785385e-09	-4.136171e+01	-1.094222e+03
9.000000e-07	-7.692158e-09	-3.767233e-09	-4.102475e+01	-1.088951e+03
9.100000e-07	-7.628360e-09	-3.749128e-09	-4.068486e+01	-1.083753e+03
9.200000e-07	-7.563992e-09	-3.730789e-09	-4.034195e+01	-1.078500e+03
9.300000e-07	-7.499056e-09	-3.712543e-09	-3.999606e+01	-1.073241e+03
9.400000e-07	-7.433531e-09	-3.694501e-09	-3.964708e+01	-1.068006e+03
9.500000e-07	-7.367401e-09	-3.676018e-09	-3.929489e+01	-1.062651e+03
9.600000e-07	-7.300663e-09	-3.657045e-09	-3.893948e+01	-1.057194e+03
9.700000e-07	-7.233317e-09	-3.638119e-09	-3.858082e+01	-1.051756e+03
9.800000e-07	-7.165431e-09	-3.619118e-09	-3.821925e+01	-1.046257e+03
9.900000e-07	-7.097108e-09	-3.599498e-09	-3.785528e+01	-1.040544e+03
1.000000e-06	-7.028381e-09	-3.579256e-09	-3.748913e+01	-1.034681e+03
1.010000e-06	-6.959228e-09	-3.558739e-09	-3.712073e+01	-1.028771e+03
1.020000e-06	-6.889631e-09	-3.537821e-09	-3.675000e+01	-1.022745e+03
1.030000e-06	-6.819566e-09	-3.516334e-09	-3.637673e+01	-1.016559e+03
1.040000e-06	-6.749039e-09	-3.494228e-09	-3.600096e+01	-1.010199e+03
1.050000e-06	-6.678064e-09	-3.471739e-09	-3.562284e+01	-1.003727e+03
1.060000e-06	-6.606633e-09	-3.449281e-09	-3.524234e+01	-9.972606e+02
1.070000e-06	-6.534693e-09	-3.426840e-09	-3.485913e+01	-9.907840e+02
1.080000e-06	-6.462216e-09	-3.404243e-09	-3.447301e+01	-9.842326e+02
1.090000e-06	-6.389211e-09	-3.381309e-09	-3.408402e+01	-9.775718e+02
1.100000e-06	-6.315687e-09	-3.358019e-09	-3.369223e+01	-9.708288e+02
1.110000e-06	-6.241618e-09	-3.334316e-09	-3.329757e+01	-9.639989e+02
1.120000e-06	-6.166969e-09	-3.310270e-09	-3.289992e+01	-9.570745e+02
1.130000e-06	-6.091787e-09	-3.285628e-09	-3.249940e+01	-9.499638e+02
1.140000e-06	-6.016087e-09	-3.260098e-09	-3.209608e+01	-9.426030e+02
1.150000e-06	-5.939919e-09	-3.234110e-09	-3.169029e+01	-9.351132e+02
1.160000e-06	-5.863357e-09	-3.208126e-09	-3.128239e+01	-9.276165e+02
1.170000e-06	-5.786394e-09	-3.182073e-09	-3.087237e+01	-9.200908e+02
1.180000e-06	-5.709021e-09	-3.155905e-09	-3.046019e+01	-9.125010e+02
1.190000e-06	-5.631213e-09	-3.129211e-09	-3.004562e+01	-9.047480e+02
1.200000e-06	-5.552928e-09	-3.101622e-09	-2.962845e+01	-8.967694e+02
1.210000e-06	-5.474139e-09	-3.073644e-09	-2.920860e+01	-8.887008e+02
1.220000e-06	-5.394851e-09	-3.045340e-09	-2.878611e+01	-8.805492e+02
1.230000e-06	-5.315099e-09	-3.016051e-09	-2.836120e+01	-8.721383e+02
1.240000e-06	-5.234907e-09	-2.986251e-09	-2.793396e+01	-8.635642e+02
1.250000e-06	-5.154269e-09	-2.956192e-09	-2.750432e+01	-8.548907e+02
1.260000e-06	-5.073212e-09	-2.925879e-09	-2.707244e+01	-8.461178e+02
1.270000e-06	-4.991786e-09	-2.896051e-09	-2.663862e+01	-8.374602e+02
1.280000e-06	-4.910023e-09	-2.865893e-09	-2.620301e+01	-8.287277e+02
1.290000e-06	-4.827985e-09	-2.834375e-09	-2.576584e+01	-8.196284e+02
1.300000e-06	-4.745692e-09	-2.802256e-09	-2.532731e+01	-8.103565e+02
1.310000e-06	-4.663133e-09	-2.769902e-09	-2.488738e+01	-8.010434e+02
1.320000e-06	-4.580313e-09	-2.736562e-09	-2.444607e+01	-7.914713e+02
1.330000e-06	-4.497221e-09	-2.702524e-09	-2.400337e+01	-7.816723e+02
1.340000e-06	-4.413856e-09	-2.668523e-09	-2.355919e+01	-7.718614e+02
1.350000e-06	-4.330182e-09	-2.634330e-09	-2.311333e+01	-7.619817e+02
1.360000e-06	-4.246172e-09	-2.600008e-09	-2.266570e+01	-7.520180e+02
1.370000e-06	-4.161870e-09	-2.565938e-09	-2.221651e+01	-7.421013e+02
1.380000e-06	-4.077327e-09	-2.531372e-09	-2.176601e+01	-7.320990e+02
1.390000e-06	-3.992549e-09	-2.495460e-09	-2.131419e+01	-7.217700e+02
1.400000e-06	-3.907543e-09	-2.458476e-09	-2.086115e+01	-7.111437e+02
1.410000e-06	-3.822335e-09	-2.420861e-09	-2.040709e+01	-7.003217e+02
1.420000e-06	-3.736910e-09	-2.382997e-09	-1.995187e+01	-6.893969e+02
1.430000e-06	-3.651246e-09	-2.345461e-09	-1.949537e+01	-6.785373e+02
1.440000e-06	-3.565352e-09	-2.307802e-09	-1.903764e+01	-6.676396e+02
1.450000e-06	-3.479241e-09	-2.269478e-09	-1.857876e+01	-6.565531e+02
1.460000e-06	-3.392908e-09	-2.230829e-09	-1.811873e+01	-6.453707e+02
1.470000e-06	-3.306359e-09	-2.191662e-09	-1.765760e+01	-6.340437e+02
1.480000e-06	-3.219593e-09	-2.151337e-09	-1.719529e+01	-6.224081e+02
1.490000e-06	-3.132590e-09	-2.109804e-09	-1.673171e+01	-6.104439e+02
1.500000e-06	-3.045357e-09	-2.067468e-09	-1.626692e+01	-5.982445e+02
1.510000e-06	-2.957911e-09	-2.025075e-09	-1.580097e+01	-5.859971e+02
1.520000e-06	-2.870226e-09	-1.983135e-09	-1.533374e+01	-5.738547e+02
1.530000e-06	-2.782318e-09	-1.941011e-09	-1.486526e+01	-5.616585e+02
1.540000e-06	-2.694232e-09	-1.897858e-09	-1.439576e+01	-5.491861e+02
1.550000e-06	-2.605961e-09	-1.853779e-09	-1.392527e+01	-5.364437e+02
1.560000e-06	-2.517510e-09	-1.809503e-09	-1.345381e+01	-5.236203e+02
1.570000e-06	-2.428888e-09	-1.765079e-09	-1.298142e+01	-5.107672e+02
1.580000e-06	-2.340101e-09	-1.719956e-09	-1.250818e+01	-4.977158e+02
1.590000e-06	-2.251155e-09	-1.673931e-09	-1.203407e+01	-4.844150e+02
1.600000e-06	-2.162043e-09	-1.627014e-09	-1.155903e+01	-4.708979e+02
1.610000e-06	-2.072761e-09	-1.579733e-09	-1.108311e+01	-4.572790e+02
1.620000e-06	-1.983331e-09	-1.532555e-09	-1.060644e+01	-4.436442e+02
1.630000e-06	-1.893748e-09	-1.485331e-09	-1.012897e+01	-4.299582e+02
1.640000e-06	-1.804016e-09	-1.437645e-09	-9.650719e+00	-4.161388e+02
1.650000e-06	-1.714148e-09	-1.389464e-09	-9.171743e+00	-4.021787e+02
1.660000e-06	-1.624146e-09	-1.341151e-09	-8.692093e+00	-3.881698e+02
1.670000e-06	-1.534025e-09	-1.292712e-09	-8.211788e+00	-3.741353e+02
1.680000e-06	-1.443797e-09	-1.243593e-09	-7.730891e+00	-3.599600e+02
1.690000e-06	-1.353490e-09	-1.193480e-09	-7.249586e+00	-3.455291e+02
1.700000e-06	-1.263113e-09	-1.143000e-09	-6.767934e+00	-3.309657e+02
1.710000e-06	-1.172644e-09	-1.092914e-09	-6.285856e+00	-3.164759e+02
1.720000e-06	-1.082087e-09	-1.043220e-09	-5.803304e+00	-3.020642e+02
1.730000e-06	-9.914506e-10	-9.934621e-10	-5.320309e+00	-2.876046e+02
1.740000e-06	-9.007199e-10	-9.433070e-10	-4.836772e+00	-2.730509e+02
1.750000e-06	-8.098984e-10	-8.928480e-10	-4.352731e+00	-2.584434e+02
1.760000e-06	-7.189771e-10	-8.426568e-10	-3.868171e+00	-2.438898e+02
1.770000e-06	-6.279585e-10	-7.925118e-10	-3.383032e+00	-2.293538e+02
1.780000e-06	-5.368731e-10	-7.415748e-10	-2.897522e+00	-2.146221e+02
1.790000e-06	-4.457353e-10	-6.898070e-10	-2.411771e+00	-1.996505e+02
1.800000e-06	-3.545426e-10	-6.378538e-10	-1.925715e+00	-1.846139e+02
1.810000e-06	-2.633123e-10	-5.862238e-10	-1.439469e+00	-1.696707e+02
1.820000e-06	-1.720864e-10	-5.350202e-10	-9.532677e-01	-1.548364e+02
1.830000e-06	-8.089132e-11	-4.842047e-10	-4.671889e-01	-1.400930e+02
1.840000e-06	1.026827e-11	-4.335731e-10	1.869075e-02	-1.253993e+02
1.850000e-06	1.014104e-10	-3.830181e-10	5.044256e-01	-1.107243e+02
1.860000e-06	1.925559e-10	-3.325432e-10	9.901739e-01	-9.608251e+01
1.870000e-06	2.836801e-10	-2.812091e-10	1.475854e+00	-8.121441e+01
1.880000e-06	3.747697e-10	-2.284972e-10	1.961346e+00	-6.595850e+01
1.890000e-06	4.658498e-10	-1.754403e-10	2.446733e+00	-5.061398e+01
1.900000e-06	5.569168e-10	-1.228819e-10	2.932059e+00	-3.540882e+01
1.910000e-06	6.479567e-10	-7.078561e-11	3.417254e+00	-2.031676e+01
1.920000e-06	7.389577e-10	-1.867742e-11	3.902237e+00	-5.201606e+00
1.930000e-06	8.298917e-10	3.387732e-11	4.386944e+00	1.004801e+01
1.940000e-06	9.207487e-10	8.700603e-11	4.871276e+00	2.546541e+01
1.950000e-06	1.011512e-09	1.404176e-10	5.355056e+00	4.097550e+01
1.960000e-06	1.102152e-09	1.941117e-10	5.838231e+00	5.654421e+01
1.970000e-06	1.192663e-09	2.487295e-10	6.320754e+00	7.234277e+01
1.980000e-06	1.283040e-09	3.044557e-10	6.802599e+00	8.847134e+01
1.990000e-06	1.373297e-09	3.608362e-10	7.283790e+00	1.048149e+02
2.000000e-06	1.463442e-09	4.173927e-10	7.764332e+00	1.212177e+02
2.010000e-06	1.553484e-09	4.740022e-10	8.244348e+00	1.376464e+02
2.020000e-06	1.643447e-09	5.311044e-10	8.723905e+00	1.542263e+02
2.030000e-06	1.733324e-09	5.888343e-10	9.202979e+00	1.709932e+02
2.040000e-06	1.823088e-09	6.470223e-10	9.681499e+00	1.878698e+02
2.050000e-06	1.912735e-09	7.054623e-10	1.015947e+01	2.047954e+02
2.060000e-06	2.002252e-09	7.640119e-10	1.063684e+01	2.217479e+02
2.070000e-06	2.091624e-09	8.233041e-10	1.111344e+01	2.389226e+02
2.080000e-06	2.180860e-09	8.831493e-10	1.158925e+01	2.562900e+02
2.090000e-06	2.269932e-09	9.424118e-10	1.206423e+01	2.735012e+02
2.100000e-06	2.358793e-09	1.000733e-09	1.253809e+01	2.904455e+02
2.110000e-06	2.447440e-09	1.058583e-09	1.301078e+01	3.072495e+02
2.120000e-06	2.535878e-09	1.116510e-09	1.348229e+01	3.240444e+02
2.130000e-06	2.624076e-09	1.174696e-09	1.395251e+01	3.408763e+02
2.140000e-06	2.712047e-09	1.232962e-09	1.442153e+01	3.577135e+02
2.150000e-06	2.799808e-09	1.290633e-09	1.488943e+01	3.743937e+02
2.160000e-06	2.887391e-09	1.347460e-09	1.535636e+01	3.908574e+02
2.170000e-06	2.974812e-09	1.403326e-09	1.582236e+01	4.070828e+02
2.180000e-06	3.062047e-09	1.457884e-09	1.628735e+01	4.229458e+02
2.190000e-06	3.149094e-09	1.511524e-09	1.675135e+01	4.385026e+02
2.200000e-06	3.235955e-09	1.564808e-09	1.721438e+01	4.539143e+02
2.210000e-06	3.322602e-09	1.617854e-09	1.767632e+01	4.692543e+02
2.220000e-06	3.409008e-09	1.670589e-09	1.813702e+01	4.845027e+02
2.230000e-06	3.495156e-09	1.722841e-09	1.859635e+01	4.996089e+02
2.240000e-06	3.581037e-09	1.774137e-09	1.905422e+01	5.144509e+02
2.250000e-06	3.666660e-09	1.824109e-09	1.951072e+01	5.289187e+02
2.260000e-06	3.752033e-09	1.873134e-09	1.996588e+01	5.431121e+02
2.270000e-06	3.837171e-09	1.921485e-09	2.041972e+01	5.571225e+02
2.280000e-06	3.922083e-09	1.969121e-09	2.087234e+01	5.709241e+02
2.290000e-06	4.006777e-09	2.016454e-09	2.132380e+01	5.845973e+02
2.300000e-06	4.091236e-09	2.063637e-09	2.177407e+01	5.982116e+02
2.310000e-06	4.175465e-09	2.110254e-09	2.222312e+01	6.116880e+02
2.320000e-06	4.259461e-09	2.156264e-09	2.267089e+01	6.249929e+02
2.330000e-06	4.343178e-09	2.201268e-09	2.311713e+01	6.380190e+02
2.340000e-06	4.426586e-09	2.244515e-09	2.356176e+01	6.505465e+02
2.350000e-06	4.509677e-09	2.286677e-09	2.400481e+01	6.627405e+02
2.360000e-06	4.592456e-09	2.328582e-09	2.444616e+01	6.748542e+02
2.370000e-06	4.674925e-09	2.370125e-09	2.488581e+01	6.868631e+02
2.380000e-06	4.757066e-09	2.410979e-09	2.532379e+01	6.986780e+02
2.390000e-06	4.838865e-09	2.450848e-09	2.575996e+01	7.102232e+02
2.400000e-06	4.920307e-09	2.489873e-09	2.619422e+01	7.215061e+02
2.410000e-06	5.001373e-09	2.528353e-09	2.662649e+01	7.326063e+02
2.420000e-06	5.082050e-09	2.566411e-09	2.705660e+01	7.435976e+02
2.430000e-06	5.162347e-09	2.603937e-09	2.748461e+01	7.544530e+02
2.440000e-06	5.242287e-09	2.640756e-09	2.791072e+01	7.650977e+02
2.450000e-06	5.321847e-09	2.677060e-09	2.833485e+01	7.755765e+02
2.460000e-06	5.401029e-09	2.713199e-09	2.875702e+01	7.860002e+02
2.470000e-06	5.479817e-09	2.748958e-09	2.917712e+01	7.963298e+02
2.480000e-06	5.558162e-09	2.783764e-09	2.959489e+01	8.064083e+02
2.490000e-06	5.636047e-09	2.817840e-09	3.001019e+01	8.162632e+02
2.500000e-06	5.713487e-09	2.851660e-09	3.042307e+01	8.260214e+02
2.510000e-06	5.790517e-09	2.885049e-09	3.083379e+01	8.356420e+02
2.520000e-06	5.867135e-09	2.917889e-09	3.124235e+01	8.451141e+02
2.530000e-06	5.943298e-09	2.949886e-09	3.164847e+01	8.543781e+02
2.540000e-06	6.018977e-09	2.980889e-09	3.205199e+01	8.633555e+02
2.550000e-06	6.094130e-09	3.011445e-09	3.245276e+01	8.721702e+02
2.560000e-06	6.168729e-09	3.041730e-09	3.285059e+01	8.809027e+02
2.570000e-06	6.242790e-09	3.071618e-09	3.324554e+01	8.895248e+02
2.580000e-06	6.316342e-09	3.101032e-09	3.363782e+01	8.980159e+02
2.590000e-06	6.389414e-09	3.129688e-09	3.402759e+01	9.063177e+02
2.600000e-06	6.462008e-09	3.157365e-09	3.441479e+01	9.143371e+02
2.610000e-06	6.534101e-09	3.184502e-09	3.479923e+01	9.221705e+02
2.620000e-06	6.605711e-09	3.211514e-09	3.518106e+01	9.299756e+02
2.630000e-06	6.676878e-09	3.237878e-09	3.556053e+01	9.376229e+02
2.640000e-06	6.747575e-09	3.263456e-09	3.593754e+01	9.450131e+02
2.650000e-06	6.817781e-09	3.288851e-09	3.631201e+01	9.523088e+02
2.660000e-06	6.887490e-09	3.314208e-09	3.668382e+01	9.596086e+02
2.670000e-06	6.956703e-09	3.339299e-09	3.705293e+01	9.668418e+02
2.680000e-06	7.025473e-09	3.363901e-09	3.741966e+01	9.739433e+02
2.690000e-06	7.093837e-09	3.387915e-09	3.778421e+01	9.808881e+02
2.700000e-06	7.161753e-09	3.411449e-09	3.814638e+01	9.876917e+02
2.710000e-06	7.229161e-09	3.434572e-09	3.850585e+01	9.943774e+02
2.720000e-06	7.296008e-09	3.457272e-09	3.886231e+01	1.000943e+03
2.730000e-06	7.362261e-09	3.479699e-09	3.921566e+01	1.007410e+03
2.740000e-06	7.427903e-09	3.501903e-09	3.956582e+01	1.013806e+03
2.750000e-06	7.492932e-09	3.523635e-09	3.991269e+01	1.020087e+03
2.760000e-06	7.557400e-09	3.544990e-09	4.025646e+01	1.026263e+03
2.770000e-06	7.621338e-09	3.566089e-09	4.059741e+01	1.032358e+03
2.780000e-06	7.684758e-09	3.586783e-09	4.093565e+01	1.038329e+03
2.790000e-06	7.747682e-09	3.607129e-09	4.127124e+01	1.044203e+03
2.800000e-06	7.810120e-09	3.627295e-09	4.160425e+01	1.050028e+03
2.810000e-06	7.872052e-09	3.646942e-09	4.193459e+01	1.055719e+03
2.820000e-06	7.933462e-09	3.665827e-09	4.226210e+01	1.061198e+03
2.830000e-06	7.994378e-09	3.684564e-09	4.258694e+01	1.066606e+03
2.840000e-06	8.054834e-09	3.703532e-09	4.290932e+01	1.072053e+03
2.850000e-06	8.114812e-09	3.722184e-09	4.322919e+01	1.077424e+03
2.860000e-06	8.174247e-09	3.740003e-09	4.354622e+01	1.082586e+03
2.870000e-06	8.233022e-09	3.757111e-09	4.385981e+01	1.087557e+03
2.880000e-06	8.291052e-09	3.773803e-09	4.416949e+01	1.092412e+03
2.890000e-06	8.348339e-09	3.790082e-09	4.447518e+01	1.097146e+03
2.900000e-06	8.404936e-09	3.806045e-09	4.477712e+01	1.101790e+03
2.910000e-06	8.460920e-09	3.822074e-09	4.507573e+01	1.106434e+03
2.920000e-06	8.516343e-09	3.837914e-09	4.537135e+01	1.111009e+03
2.930000e-06	8.571214e-09	3.853354e-09	4.566406e+01	1.115453e+03
2.940000e-06	8.625520e-09	3.868438e-09	4.595374e+01	1.119798e+03
2.950000e-06	8.679234e-09	3.882853e-09	4.624028e+01	1.123987e+03
2.960000e-06	8.732322e-09	3.896710e-09	4.652351e+01	1.128031e+03
2.970000e-06	8.784768e-09	3.910475e-09	4.680330e+01	1.132044e+03
2.980000e-06	8.836522e-09	3.924089e-09	4.707944e+01	1.135997e+03
2.990000e-06	8.887493e-09	3.937644e-09	4.735149e+01	1.139903e+03
3.000000e-06	8.937601e-09	3.951287e-09	4.761895e+01	1.143813e+03
3.010000e-06	8.986853e-09	3.964559e-09	4.788181e+01	1.147633e+03
3.020000e-06	9.035354e-09	3.977118e-09	4.814064e+01	1.151281e+03
3.030000e-06	9.083234e-09	3.989207e-09	4.839614e+01	1.154782e+03
3.040000e-06	9.130514e-09	4.001159e-09	4.864844e+01	1.158250e+03
3.050000e-06	9.177164e-09	4.012900e-09	4.889742e+01	1.161675e+03
3.060000e-06	9.223177e-09	4.024384e-09	4.914298e+01	1.165007e+03
3.070000e-06	9.268529e-09	4.035723e-09	4.938501e+01	1.168289e+03
3.080000e-06	9.313253e-09	4.047087e-09	4.962366e+01	1.171566e+03
3.090000e-06	9.357460e-09	4.058595e-09	4.985950e+01	1.174861e+03
3.100000e-06	9.401184e-09	4.070089e-09	5.009281e+01	1.178154e+03
3.110000e-06	9.444290e-09	4.080852e-09	5.032296e+01	1.181285e+03
3.120000e-06	9.486574e-09	4.090682e-09	5.054878e+01	1.184169e+03
3.130000e-06	9.527944e-09	4.100438e-09	5.076968e+01	1.187004e+03
3.140000e-06	9.568523e-09	4.110601e-09	5.098624e+01	1.189933e+03
3.150000e-06	9.608467e-09	4.120795e-09	5.119936e+01	1.192866e+03
3.160000e-06	9.647839e-09	4.130755e-09	5.140946e+01	1.195734e+03
3.170000e-06	9.686583e-09	4.140529e-09	5.161624e+01	1.198557e+03
3.180000e-06	9.724620e-09	4.150017e-09	5.181929e+01	1.201299e+03
3.190000e-06	9.761939e-09	4.159349e-09	5.201854e+01	1.203979e+03
3.200000e-06	9.798610e-09	4.168498e-09	5.221430e+01	1.206622e+03
3.210000e-06	9.834736e-09	4.177005e-09	5.240709e+01	1.209115e+03
3.220000e-06	9.870310e-09	4.185235e-09	5.259700e+01	1.211505e+03
3.230000e-06	9.905148e-09	4.193817e-09	5.278319e+01	1.213959e+03
3.240000e-06	9.939056e-09	4.202771e-09	5.296443e+01	1.216503e+03
3.250000e-06	9.972043e-09	4.211687e-09	5.314062e+01	1.219048e+03
3.260000e-06	1.000430e-08	4.220014e-09	5.331280e+01	1.221459e+03
3.270000e-06	1.003596e-08	4.227720e-09	5.348182e+01	1.223711e+03
3.280000e-06	1.006701e-08	4.235284e-09	5.364762e+01	1.225908e+03
3.290000e-06	1.009738e-08	4.242956e-09	5.380982e+01	1.228118e+03
3.300000e-06	1.012703e-08	4.250222e-09	5.396820e+01	1.230218e+03
3.310000e-06	1.015598e-08	4.256604e-09	5.412278e+01	1.232086e+03
3.320000e-06	1.018432e-08	4.262523e-09	5.427403e+01	1.233812e+03
3.330000e-06	1.021212e-08	4.268830e-09	5.442245e+01	1.235630e+03
3.340000e-06	1.023923e-08	4.275708e-09	5.456733e+01	1.237614e+03
3.350000e-06	1.026535e-08	4.282419e-09	5.470699e+01	1.239549e+03
3.360000e-06	1.029046e-08	4.288448e-09	5.484112e+01	1.241311e+03
3.370000e-06	1.031474e-08	4.294167e-09	5.497080e+01	1.242983e+03
3.380000e-06	1.033834e-08	4.300211e-09	5.509680e+01	1.244695e+03
3.390000e-06	1.036125e-08	4.306212e-09	5.521922e+01	1.246402e+03
3.400000e-06	1.038347e-08	4.311049e-09	5.533802e+01	1.247841e+03
3.410000e-06	1.040502e-08	4.315140e-09	5.545319e+01	1.249065e+03
3.420000e-06	1.042587e-08	4.319654e-09	5.556463e+01	1.250367e+03
3.430000e-06	1.044611e-08	4.324464e-09	5.567276e+01	1.251750e+03
3.440000e-06	1.046582e-08	4.329130e-09	5.577808e+01	1.253105e+03
3.450000e-06	1.048485e-08	4.333702e-09	5.587984e+01	1.254426e+03
3.460000e-06	1.050303e-08	4.338205e-09	5.597713e+01	1.255707e+03
3.470000e-06	1.052041e-08	4.342262e-09	5.607006e+01	1.256884e+03
3.480000e-06	1.053708e-08	4.345891e-09	5.615918e+01	1.257968e+03
3.490000e-06	1.055298e-08	4.349195e-09	5.624428e+01	1.258959e+03
3.500000e-06	1.056799e-08	4.352148e-09	5.632455e+01	1.259838e+03
3.510000e-06	1.058215e-08	4.355293e-09	5.640029e+01	1.260741e+03
3.520000e-06	1.059556e-08	4.358682e-09	5.647203e+01	1.261689e+03
3.530000e-06	1.060823e-08	4.361778e-09	5.653989e+01	1.262567e+03
3.540000e-06	1.062018e-08	4.364290e-09	5.660394e+01	1.263310e+03
3.550000e-06	1.063129e-08	4.366412e-09	5.666361e+01	1.263960e+03
3.560000e-06	1.064134e-08	4.368242e-09	5.671762e+01	1.264534e+03
3.570000e-06	1.065031e-08	4.370043e-09	5.676585e+01	1.265080e+03
3.580000e-06	1.065850e-08	4.372298e-09	5.680979e+01	1.265720e+03
3.590000e-06	1.066607e-08	4.374371e-09	5.685043e+01	1.266308e+03
3.600000e-06	1.067295e-08	4.375614e-09	5.688736e+01	1.266649e+03
3.610000e-06	1.067906e-08	4.376444e-09	5.692026e+01	1.266867e+03
3.620000e-06	1.068439e-08	4.377135e-09	5.694902e+01	1.267067e+03
3.630000e-06	1.068901e-08	4.377677e-09	5.697392e+01	1.267245e+03
3.640000e-06	1.069305e-08	4.378179e-09	5.699575e+01	1.267428e+03
3.650000e-06	1.069651e-08	4.378643e-09	5.701451e+01	1.267606e+03
3.660000e-06	1.069912e-08	4.378848e-09	5.702886e+01	1.267703e+03
3.670000e-06	1.070068e-08	4.378977e-09	5.703754e+01	1.267744e+03
3.680000e-06	1.070130e-08	4.379075e-09	5.704112e+01	1.267754e+03
3.690000e-06	1.070125e-08	4.378651e-09	5.704114e+01	1.267626e+03
3.700000e-06	1.070059e-08	4.377736e-09	5.703790e+01	1.267355e+03
3.710000e-06	1.069924e-08	4.376781e-09	5.703101e+01	1.267093e+03
3.720000e-06	1.069720e-08	4.376250e-09	5.702051e+01	1.266974e+03
3.730000e-06	1.069448e-08	4.375811e-09	5.700638e+01	1.266872e+03
3.740000e-06	1.069108e-08	4.374626e-09	5.698859e+01	1.266555e+03
3.750000e-06	1.068715e-08	4.373203e-09	5.696795e+01	1.266159e+03
3.760000e-06	1.068273e-08	4.372253e-09	5.694472e+01	1.265805e+03
3.770000e-06	1.067759e-08	4.368829e-09	5.691767e+01	1.264838e+03
3.780000e-06	1.067139e-08	4.366250e-09	5.688509e+01	1.264427e+03
3.790000e-06	1.066388e-08	4.374143e-09	5.684564e+01	1.266880e+03
3.800000e-06	1.065504e-08	4.380691e-09	5.679897e+01	1.268256e+03
3.810000e-06	1.064509e-08	4.365049e-09	5.674618e+01	1.263168e+03
3.820000e-06	1.063468e-08	4.340991e-09	5.669065e+01	1.256580e+03
3.830000e-06	1.062421e-08	4.347468e-09	5.663494e+01	1.259085e+03
3.840000e-06	1.061322e-08	4.375859e-09	5.657683e+01	1.266916e+03
3.850000e-06	1.060117e-08	4.371010e-09	5.651287e+01	1.264971e+03
3.860000e-06	1.058827e-08	4.345438e-09	5.644410e+01	1.258399e+03
3.870000e-06	1.057480e-08	4.357115e-09	5.637252e+01	1.262606e+03
3.880000e-06	1.056037e-08	4.375111e-09	5.629602e+01	1.267042e+03
3.890000e-06	1.054480e-08	4.347917e-09	5.621330e+01	1.258300e+03
3.900000e-06	1.052855e-08	4.336329e-09	5.612688e+01	1.254614e+03
3.910000e-06	1.051179e-08	4.376930e-09	5.603789e+01	1.265964e+03
3.920000e-06	1.049422e-08	4.387833e-09	5.594468e+01	1.268995e+03
3.930000e-06	1.047585e-08	4.355528e-09	5.584694e+01	1.260576e+03
3.940000e-06	1.045685e-08	4.356124e-09	5.574585e+01	1.261609e+03
3.950000e-06	1.043717e-08	4.371389e-09	5.564124e+01	1.265205e+03
3.960000e-06	1.041672e-08	4.342868e-09	5.553247e+01	1.256097e+03
3.970000e-06	1.039546e-08	4.332047e-09	5.541936e+01	1.252589e+03
3.980000e-06	1.037325e-08	4.371583e-09	5.530124e+01	1.263214e+03
3.990000e-06	1.035006e-08	4.376957e-09	5.517798e+01	1.264511e+03
4.000000e-06	1.032614e-08	4.356583e-09	5.505079e+01	1.259658e+03
4.010000e-06	1.030159e-08	4.380403e-09	5.492025e+01	1.267405e+03
4.020000e-06	1.027631e-08	4.390521e-09	5.478585e+01	1.270526e+03
4.030000e-06	1.025034e-08	4.352626e-09	5.464770e+01	1.260400e+03
4.040000e-06	1.022369e-08	4.348101e-09	5.450589e+01	1.259658e+03
4.050000e-06	1.019636e-08	4.359236e-09	5.436046e+01	1.262421e+03
4.060000e-06	1.016847e-08	4.325526e-09	5.421209e+01	1.252451e+03
4.070000e-06	1.013999e-08	4.315584e-09	5.406055e+01	1.249457e+03
4.080000e-06	1.011061e-08	4.340131e-09	5.390420e+01	1.255679e+03
4.090000e-06	1.008016e-08	4.322793e-09	5.374220e+01	1.250098e+03
4.100000e-06	1.004877e-08	4.313531e-09	5.357523e+01	1.247269e+03
4.110000e-06	1.001664e-08	4.337862e-09	5.340429e+01	1.253619e+03
4.120000e-06	9.983874e-09	4.323729e-09	5.322993e+01	1.249142e+03
4.130000e-06	9.950485e-09	4.310589e-09	5.305224e+01	1.245485e+03
4.140000e-06	9.916459e-09	4.327864e-09	5.287113e+01	1.250290e+03
4.150000e-06	9.881800e-09	4.314613e-09	5.268668e+01	1.246255e+03
4.160000e-06	9.846529e-09	4.301048e-09	5.249899e+01	1.242346e+03
4.170000e-06	9.810675e-09	4.310410e-09	5.230813e+01	1.244949e+03
4.180000e-06	9.774206e-09	4.293083e-09	5.211399e+01	1.240054e+03
4.190000e-06	9.736938e-09	4.276786e-09	5.191562e+01	1.235499e+03
4.200000e-06	9.698686e-09	4.281509e-09	5.171208e+01	1.236751e+03
4.210000e-06	9.659524e-09	4.268366e-09	5.150365e+01	1.232888e+03
4.220000e-06	9.619676e-09	4.256322e-09	5.129150e+01	1.229426e+03
4.230000e-06	9.579215e-09	4.257493e-09	5.107610e+01	1.229817e+03
4.240000e-06	9.538060e-09	4.242266e-09	5.085706e+01	1.225502e+03
4.250000e-06	9.496191e-09	4.226795e-09	5.063421e+01	1.220943e+03
4.260000e-06	9.453659e-09	4.224173e-09	5.040780e+01	1.220121e+03
4.270000e-06	9.410543e-09	4.213159e-09	5.017826e+01	1.217030e+03
4.280000e-06	9.366922e-09	4.198686e-09	4.994600e+01	1.212869e+03
4.290000e-06	9.322826e-09	4.191341e-09	4.971114e+01	1.210797e+03
4.300000e-06	9.278161e-09	4.181996e-09	4.947325e+01	1.208174e+03
4.310000e-06	9.232800e-09	4.170482e-09	4.923170e+01	1.204698e+03
4.320000e-06	9.186714e-09	4.160624e-09	4.898631e+01	1.201789e+03
4.330000e-06	9.139953e-09	4.148330e-09	4.873735e+01	1.198419e+03
4.340000e-06	9.092545e-09	4.135065e-09	4.848493e+01	1.194598e+03
4.350000e-06	9.044428e-09	4.124634e-09	4.822868e+01	1.191463e+03
4.360000e-06	8.995568e-09	4.113992e-09	4.796851e+01	1.188443e+03
4.370000e-06	8.945960e-09	4.101535e-09	4.770439e+01	1.184940e+03
4.380000e-06	8.895649e-09	4.088839e-09	4.743644e+01	1.181282e+03
4.390000e-06	8.844670e-09	4.074776e-09	4.716490e+01	1.177251e+03
4.400000e-06	8.793030e-09	4.061569e-09	4.688979e+01	1.173395e+03
4.410000e-06	8.740691e-09	4.050909e-09	4.661087e+01	1.170173e+03
4.420000e-06	8.687573e-09	4.037822e-09	4.632782e+01	1.166393e+03
4.430000e-06	8.633642e-09	4.022664e-09	4.604048e+01	1.162160e+03
4.440000e-06	8.578920e-09	4.009852e-09	4.574894e+01	1.158512e+03
4.450000e-06	8.523487e-09	3.996621e-09	4.545367e+01	1.154644e+03
4.460000e-06	8.467464e-09	3.981230e-09	4.515527e+01	1.150179e+03
4.470000e-06	8.410919e-09	3.966560e-09	4.485409e+01	1.145970e+03
4.480000e-06	8.353829e-09	3.952138e-09	4.455006e+01	1.141819e+03
4.490000e-06	8.296128e-09	3.936300e-09	4.424274e+01	1.137228e+03
4.500000e-06	8.237802e-09	3.921305e-09	4.393206e+01	1.132862e+03
4.510000e-06	8.178894e-09	3.907499e-09	4.361829e+01	1.128864e+03
4.520000e-06	8.119457e-09	3.891755e-09	4.330169e+01	1.124360e+03
4.530000e-06	8.059494e-09	3.874586e-09	4.298223e+01	1.119453e+03
4.540000e-06	7.998950e-09	3.858435e-09	4.265963e+01	1.114769e+03
4.550000e-06	7.937798e-09	3.842362e-09	4.233377e+01	1.110051e+03
4.560000e-06	7.875993e-09	3.825628e-09	4.200444e+01	1.105170e+03
4.570000e-06	7.813541e-09	3.809015e-09	4.167167e+01	1.100392e+03
4.580000e-06	7.750475e-09	3.792095e-09	4.133568e+01	1.095548e+03
4.590000e-06	7.686829e-09	3.774481e-09	4.099663e+01	1.090474e+03
4.600000e-06	7.622657e-09	3.756765e-09	4.065478e+01	1.085320e+03
4.610000e-06	7.557983e-09	3.738725e-09	4.031027e+01	1.080079e+03
4.620000e-06	7.492795e-09	3.719703e-09	3.996303e+01	1.074600e+03
4.630000e-06	7.427073e-09	3.700293e-09	3.961292e+01	1.069006e+03
4.640000e-06	7.360838e-09	3.681260e-09	3.926006e+01	1.063480e+03
4.650000e-06	7.294124e-09	3.662367e-09	3.890472e+01	1.057995e+03
4.660000e-06	7.226955e-09	3.642910e-09	3.854691e+01	1.052396e+03
4.670000e-06	7.159337e-09	3.622744e-09	3.818667e+01	1.046611e+03
4.680000e-06	7.091254e-09	3.602442e-09	3.782390e+01	1.040761e+03
4.690000e-06	7.022682e-09	3.582052e-09	3.745843e+01	1.034851e+03
4.700000e-06	6.953585e-09	3.561128e-09	3.709024e+01	1.028782e+03
4.710000e-06	6.883954e-09	3.539910e-09	3.671925e+01	1.022655e+03
4.720000e-06	6.813790e-09	3.518370e-09	3.634540e+01	1.016465e+03
4.730000e-06	6.743073e-09	3.496512e-09	3.596865e+01	1.010187e+03
4.740000e-06	6.671807e-09	3.474567e-09	3.558897e+01	1.003876e+03
4.750000e-06	6.600016e-09	3.452218e-09	3.520651e+01	9.974193e+02
4.760000e-06	6.527737e-09	3.429270e-09	3.482151e+01	9.907761e+02
4.770000e-06	6.455020e-09	3.406105e-09	3.443416e+01	9.840841e+02
4.780000e-06	6.381886e-09	3.382833e-09	3.404449e+01	9.773625e+02
4.790000e-06	6.308322e-09	3.359097e-09	3.365248e+01	9.705029e+02
4.800000e-06	6.234321e-09	3.334625e-09	3.325820e+01	9.634395e+02
4.810000e-06	6.159883e-09	3.309426e-09	3.286162e+01	9.562035e+02
4.820000e-06	6.085030e-09	3.283854e-09	3.246283e+01	9.488820e+02
4.830000e-06	6.009757e-09	3.258575e-09	3.206173e+01	9.416007e+02
4.840000e-06	5.934012e-09	3.233420e-09	3.165806e+01	9.343070e+02
4.850000e-06	5.857800e-09	3.207723e-09	3.125187e+01	9.268579e+02
4.860000e-06	5.781117e-09	3.181180e-09	3.084316e+01	9.191903e+02
4.870000e-06	5.703944e-09	3.154063e-09	3.043189e+01	9.113641e+02
4.880000e-06	5.626285e-09	3.126583e-09	3.001812e+01	9.034495e+02
4.890000e-06	5.548134e-09	3.098374e-09	2.960180e+01	8.953390e+02
4.900000e-06	5.469458e-09	3.069541e-09	2.918269e+01	8.870382e+02
4.910000e-06	5.390233e-09	3.040483e-09	2.876064e+01	8.786731e+02
4.920000e-06	5.310534e-09	3.011405e-09	2.833601e+01	8.702863e+02
4.930000e-06	5.230464e-09	2.982246e-09	2.790932e+01	8.618433e+02
4.940000e-06	5.150057e-09	2.952881e-09	2.748087e+01	8.533332e+02
4.950000e-06	5.069341e-09	2.922759e-09	2.705085e+01	8.446349e+02
4.960000e-06	4.988344e-09	2.891516e-09	2.661935e+01	8.356449e+02
4.970000e-06	4.907055e-09	2.859796e-09	2.618626e+01	8.265131e+02
4.980000e-06	4.825463e-09	2.827940e-09	2.575154e+01	8.173242e+02
4.990000e-06	4.743568e-09	2.795924e-09	2.531521e+01	8.080788e+02
5.000000e-06	4.661357e-09	2.763855e-09	2.487721e+01	7.988224e+02
5.010000e-06	4.578835e-09	2.731458e-09	2.443759e+01	7.894709e+02
5.020000e-06	4.496041e-09	2.698535e-09	2.399652e+01	7.799446e+02
5.030000e-06	4.412984e-09	2.665027e-09	2.355400e+01	7.702515e+02
5.040000e-06	4.329638e-09	2.630872e-09	2.310994e+01	7.603953e+02
5.050000e-06	4.245975e-09	2.596058e-09	2.266417e+01	7.503674e+02
5.060000e-06	4.161988e-09	2.560705e-09	2.221660e+01	7.401966e+02
5.070000e-06	4.077694e-09	2.524942e-09	2.176733e+01	7.298969e+02
5.080000e-06	3.993102e-09	2.488900e-09	2.131638e+01	7.194855e+02
5.090000e-06	3.908237e-09	2.453044e-09	2.086391e+01	7.090978e+02
5.100000e-06	3.823117e-09	2.417101e-09	2.041020e+01	6.987121e+02
5.110000e-06	3.737728e-09	2.380274e-09	1.995514e+01	6.880899e+02
5.120000e-06	3.652080e-09	2.342858e-09	1.949873e+01	6.772639e+02
5.130000e-06	3.566179e-09	2.305050e-09	1.904100e+01	6.663601e+02
5.140000e-06	3.480020e-09	2.265912e-09	1.858192e+01	6.551180e+02
5.150000e-06	3.393578e-09	2.225344e-09	1.812133e+01	6.434461e+02
5.160000e-06	3.306834e-09	2.184436e-09	1.765906e+01	6.316385e+02
5.170000e-06	3.219786e-09	2.143691e-09	1.719511e+01	6.198539e+02
5.180000e-06	3.132425e-09	2.102827e-09	1.672951e+01	6.080224e+02
5.190000e-06	3.044769e-09	2.062219e-09	1.626236e+01	5.962438e+02
5.200000e-06	2.956838e-09	2.021881e-09	1.579380e+01	5.845452e+02
5.210000e-06	2.868680e-09	1.980656e-09	1.532400e+01	5.726121e+02
5.220000e-06	2.780365e-09	1.937849e-09	1.485331e+01	5.602503e+02
5.230000e-06	2.691913e-09	1.893520e-09	1.438192e+01	5.474947e+02
5.240000e-06	2.603316e-09	1.848113e-09	1.390982e+01	5.344567e+02
5.250000e-06	2.514571e-09	1.802210e-09	1.343697e+01	5.212525e+02
5.260000e-06	2.425688e-09	1.756467e-09	1.296333e+01	5.080374e+02
5.270000e-06	2.336668e-09	1.711493e-09	1.248893e+01	4.949890e+02
5.280000e-06	2.247516e-09	1.667170e-09	1.201380e+01	4.821076e+02
5.290000e-06	2.158236e-09	1.622721e-09	1.153796e+01	4.692092e+02
5.300000e-06	2.068805e-09	1.577163e-09	1.106140e+01	4.560394e+02
5.310000e-06	1.979227e-09	1.530097e-09	1.058407e+01	4.424445e+02
5.320000e-06	1.889510e-09	1.482109e-09	1.010594e+01	4.285895e+02
5.330000e-06	1.799640e-09	1.433776e-09	9.626983e+00	4.146684e+02
5.340000e-06	1.709618e-09	1.385158e-09	9.147242e+00	4.006743e+02
5.350000e-06	1.619480e-09	1.336550e-09	8.666947e+00	3.866324e+02
5.360000e-06	1.529270e-09	1.288531e-09	8.186277e+00	3.726860e+02
5.370000e-06	1.438983e-09	1.240837e-09	7.705147e+00	3.588201e+02
5.380000e-06	1.348620e-09	1.192692e-09	7.223585e+00	3.448576e+02
5.390000e-06	1.258208e-09	1.143782e-09	6.741740e+00	3.307126e+02
5.400000e-06	1.167739e-09	1.093879e-09	6.259572e+00	3.163133e+02
5.410000e-06	1.077192e-09	1.043153e-09	5.777028e+00	3.016615e+02
5.420000e-06	9.865694e-10	9.925306e-10	5.294080e+00	2.870011e+02
5.430000e-06	8.958722e-10	9.424033e-10	4.810769e+00	2.724944e+02
5.440000e-06	8.051041e-10	8.923797e-10	4.327085e+00	2.580299e+02
5.450000e-06	7.142853e-10	8.421258e-10	3.843106e+00	2.434843e+02
5.460000e-06	6.234178e-10	7.916403e-10	3.358851e+00	2.288564e+02
5.470000e-06	5.325000e-10	7.410091e-10	2.874310e+00	2.141909e+02
5.480000e-06	4.415476e-10	6.900110e-10	2.389638e+00	1.994457e+02
5.490000e-06	3.505749e-10	6.383359e-10	1.904810e+00	1.845211e+02
5.500000e-06	2.595862e-10	5.862848e-10	1.419841e+00	1.694729e+02
5.510000e-06	1.685930e-10	5.346736e-10	9.348717e-01	1.545059e+02
5.520000e-06	7.761753e-11	4.836735e-10	4.499711e-01	1.396990e+02
5.530000e-06	-1.333785e-11	4.327641e-10	-3.482616e-02	1.249449e+02
5.540000e-06	-1.042915e-10	3.816485e-10	-5.195577e-01	1.101517e+02
5.550000e-06	-1.952406e-10	3.302910e-10	-1.004185e+00	9.529920e+01
5.560000e-06	-2.861730e-10	2.788559e-10	-1.488754e+00	8.040879e+01
5.570000e-06	-3.770898e-10	2.274515e-10	-1.973281e+00	6.550640e+01
5.580000e-06	-4.679789e-10	1.758453e-10	-2.457650e+00	5.055312e+01
5.590000e-06	-5.588456e-10	1.236746e-10	-2.941923e+00	3.545064e+01
5.600000e-06	-6.496923e-10	7.081298e-11	-3.426114e+00	2.013830e+01
5.610000e-06	-7.405010e-10	1.771423e-11	-3.910111e+00	4.737232e+00
5.620000e-06	-8.312600e-10	-3.525040e-11	-4.393856e+00	-1.062253e+01
5.630000e-06	-9.219581e-10	-8.809818e-11	-4.877291e+00	-2.594376e+01
5.640000e-06	-1.012587e-09	-1.411939e-10	-5.360345e+00	-4.132413e+01
5.650000e-06	-1.103122e-09	-1.951628e-10	-5.842906e+00	-5.693093e+01
5.660000e-06	-1.193558e-09	-2.498641e-10	-6.324956e+00	-7.277274e+01
5.670000e-06	-1.283899e-09	-3.050022e-10	-6.806540e+00	-8.877300e+01
5.680000e-06	-1.374150e-09	-3.609872e-10	-7.287646e+00	-1.050011e+02
5.690000e-06	-1.464320e-09	-4.181359e-10	-7.768291e+00	-1.215389e+02
5.700000e-06	-1.554398e-09	-4.757971e-10	-8.248434e+00	-1.382477e+02
5.710000e-06	-1.644389e-09	-5.330148e-10	-8.728127e+00	-1.548698e+02
5.720000e-06	-1.734289e-09	-5.899542e-10	-9.207357e+00	-1.713990e+02
5.730000e-06	-1.824068e-09	-6.475385e-10	-9.685941e+00	-1.880728e+02
5.740000e-06	-1.913731e-09	-7.060006e-10	-1.016389e+01	-2.049911e+02
5.750000e-06	-2.003288e-09	-7.650743e-10	-1.064123e+01	-2.220889e+02
5.760000e-06	-2.092704e-09	-8.246250e-10	-1.111785e+01	-2.393409e+02
5.770000e-06	-2.181962e-09	-8.843136e-10	-1.159367e+01	-2.566505e+02
5.780000e-06	-2.271071e-09	-9.441086e-10	-1.206871e+01	-2.739599e+02
5.790000e-06	-2.360038e-09	-1.003990e-09	-1.254295e+01	-2.912851e+02
5.800000e-06	-2.448848e-09	-1.063154e-09	-1.301635e+01	-3.084447e+02
5.810000e-06	-2.537481e-09	-1.121070e-09	-1.348881e+01	-3.252908e+02
5.820000e-06	-2.625951e-09	-1.178070e-09	-1.396038e+01	-3.418555e+02
5.830000e-06	-2.714267e-09	-1.235120e-09	-1.443112e+01	-3.583827e+02
5.840000e-06	-2.802420e-09	-1.292639e-09	-1.490102e+01	-3.750260e+02
5.850000e-06	-2.890406e-09	-1.349976e-09	-1.537001e+01	-3.916103e+02
5.860000e-06	-2.978192e-09	-1.406611e-09	-1.583795e+01	-4.080051e+02
5.870000e-06	-3.065730e-09	-1.462325e-09	-1.630462e+01	-4.241593e+02
5.880000e-06	-3.153019e-09	-1.517056e-09	-1.677002e+01	-4.400199e+02
5.890000e-06	-3.240059e-09	-1.570965e-09	-1.723412e+01	-4.556299e+02
5.900000e-06	-3.326824e-09	-1.623762e-09	-1.769678e+01	-4.709549e+02
5.910000e-06	-3.413302e-09	-1.675077e-09	-1.815788e+01	-4.858731e+02
5.920000e-06	-3.499479e-09	-1.725584e-09	-1.861735e+01	-5.005157e+02
5.930000e-06	-3.585353e-09	-1.776176e-09	-1.907520e+01	-5.151317e+02
5.940000e-06	-3.670922e-09	-1.826772e-09	-1.953144e+01	-5.297294e+02
5.950000e-06	-3.756209e-09	-1.876649e-09	-1.998624e+01	-5.441361e+02
5.960000e-06	-3.841239e-09	-1.925477e-09	-2.043967e+01	-5.582666e+02
5.970000e-06	-3.925981e-09	-1.973467e-09	-2.089157e+01	-5.721485e+02
5.980000e-06	-4.010422e-09	-2.020873e-09	-2.134185e+01	-5.858661e+02
5.990000e-06	-4.094569e-09	-2.067583e-09	-2.179052e+01	-5.993997e+02
6.000000e-06	-4.178420e-09	-2.113351e-09	-2.223752e+01	-6.126510e+02
6.010000e-06	-4.261973e-09	-2.158380e-09	-2.268288e+01	-6.256712e+02
6.020000e-06	-4.345226e-09	-2.203040e-09	-2.312668e+01	-6.385571e+02
6.030000e-06	-4.428208e-09	-2.247440e-09	-2.356903e+01	-6.513514e+02
6.040000e-06	-4.510928e-09	-2.291254e-09	-2.400999e+01	-6.639982e+02
6.050000e-06	-4.593356e-09	-2.334007e-09	-2.444940e+01	-6.763568e+02
6.060000e-06	-4.675470e-09	-2.375568e-09	-2.488712e+01	-6.883722e+02
6.070000e-06	-4.757260e-09	-2.415929e-09	-2.532317e+01	-7.000598e+02
6.080000e-06	-4.838732e-09	-2.455492e-09	-2.575754e+01	-7.115145e+02
6.090000e-06	-4.919898e-09	-2.494702e-09	-2.619024e+01	-7.228462e+02
6.100000e-06	-5.000767e-09	-2.533312e-09	-2.662133e+01	-7.339958e+02
6.110000e-06	-5.081326e-09	-2.571094e-09	-2.705076e+01	-7.448975e+02
6.120000e-06	-5.161568e-09	-2.608379e-09	-2.747853e+01	-7.556422e+02
6.130000e-06	-5.241465e-09	-2.645302e-09	-2.790448e+01	-7.662903e+02
6.140000e-06	-5.320946e-09	-2.681668e-09	-2.832823e+01	-7.768021e+02
6.150000e-06	-5.399956e-09	-2.717293e-09	-2.874955e+01	-7.871208e+02
6.160000e-06	-5.478500e-09	-2.751986e-09	-2.916845e+01	-7.971686e+02
6.170000e-06	-5.556600e-09	-2.786108e-09	-2.958501e+01	-8.070115e+02
6.180000e-06	-5.634219e-09	-2.820014e-09	-2.999906e+01	-8.167886e+02
6.190000e-06	-5.711329e-09	-2.853473e-09	-3.041042e+01	-8.264666e+02
6.200000e-06	-5.787917e-09	-2.886428e-09	-3.081897e+01	-8.359822e+02
6.210000e-06	-5.863976e-09	-2.919181e-09	-3.122467e+01	-8.453948e+02
6.220000e-06	-5.939540e-09	-2.951595e-09	-3.162766e+01	-8.547281e+02
6.230000e-06	-6.014662e-09	-2.983341e-09	-3.202818e+01	-8.639137e+02
6.240000e-06	-6.089363e-09	-3.014537e-09	-3.242647e+01	-8.729500e+02
6.250000e-06	-6.163649e-09	-3.045099e-09	-3.282264e+01	-8.817945e+02
6.260000e-06	-6.237510e-09	-3.074803e-09	-3.321652e+01	-8.903633e+02
6.270000e-06	-6.310937e-09	-3.104002e-09	-3.360803e+01	-8.987911e+02
6.280000e-06	-6.383957e-09	-3.132886e-09	-3.399741e+01	-9.071460e+02
6.290000e-06	-6.456604e-09	-3.161222e-09	-3.438482e+01	-9.153411e+02
6.300000e-06	-6.528875e-09	-3.188848e-09	-3.477018e+01	-9.233342e+02
6.310000e-06	-6.600733e-09	-3.215851e-09	-3.515333e+01	-9.311201e+02
6.320000e-06	-6.672102e-09	-3.242563e-09	-3.553393e+01	-9.387939e+02
6.330000e-06	-6.742911e-09	-3.269080e-09	-3.591162e+01	-9.464326e+02
6.340000e-06	-6.813134e-09	-3.295068e-09	-3.628626e+01	-9.539566e+02
6.350000e-06	-6.882797e-09	-3.320115e-09	-3.665792e+01	-9.612182e+02
6.360000e-06	-6.951910e-09	-3.344325e-09	-3.702664e+01	-9.682150e+02
6.370000e-06	-7.020497e-09	-3.368109e-09	-3.739251e+01	-9.750814e+02
6.380000e-06	-7.088586e-09	-3.391793e-09	-3.775565e+01	-9.819259e+02
6.390000e-06	-7.156192e-09	-3.415291e-09	-3.811619e+01	-9.887127e+02
6.400000e-06	-7.223348e-09	-3.438061e-09	-3.847431e+01	-9.952703e+02
6.410000e-06	-7.290072e-09	-3.460066e-09	-3.883013e+01	-1.001599e+03
6.420000e-06	-7.356351e-09	-3.481901e-09	-3.918363e+01	-1.007887e+03
6.430000e-06	-7.422117e-09	-3.503662e-09	-3.953447e+01	-1.014174e+03
6.440000e-06	-7.487370e-09	-3.525108e-09	-3.988257e+01	-1.020387e+03
6.450000e-06	-7.552139e-09	-3.546041e-09	-4.022804e+01	-1.026446e+03
6.460000e-06	-7.616410e-09	-3.566324e-09	-4.057083e+01	-1.032301e+03
6.470000e-06	-7.680175e-09	-3.586387e-09	-4.091093e+01	-1.038066e+03
6.480000e-06	-7.743391e-09	-3.606338e-09	-4.124813e+01	-1.043818e+03
6.490000e-06	-7.805973e-09	-3.625734e-09	-4.158204e+01	-1.049450e+03
6.500000e-06	-7.867898e-09	-3.644546e-09	-4.191253e+01	-1.054902e+03
6.510000e-06	-7.929184e-09	-3.663117e-09	-4.223963e+01	-1.060244e+03
6.520000e-06	-7.989872e-09	-3.681990e-09	-4.256346e+01	-1.065658e+03
6.530000e-06	-8.050014e-09	-3.701236e-09	-4.288430e+01	-1.071207e+03
6.540000e-06	-8.109621e-09	-3.720065e-09	-4.320225e+01	-1.076653e+03
6.550000e-06	-8.168709e-09	-3.737879e-09	-4.351740e+01	-1.081799e+03
6.560000e-06	-8.227257e-09	-3.754929e-09	-4.382972e+01	-1.086712e+03
6.570000e-06	-8.285218e-09	-3.771547e-09	-4.413898e+01	-1.091512e+03
6.580000e-06	-8.342591e-09	-3.787782e-09	-4.444506e+01	-1.096226e+03
6.590000e-06	-8.399409e-09	-3.803867e-09	-4.474813e+01	-1.100899e+03
6.600000e-06	-8.455687e-09	-3.820030e-09	-4.504830e+01	-1.105575e+03
6.610000e-06	-8.511379e-09	-3.836687e-09	-4.534539e+01	-1.110350e+03
6.620000e-06	-8.566416e-09	-3.853683e-09	-4.563904e+01	-1.115214e+03
6.630000e-06	-8.620700e-09	-3.870214e-09	-4.592875e+01	-1.119977e+03
6.640000e-06	-8.674169e-09	-3.885631e-09	-4.621424e+01	-1.124451e+03
6.650000e-06	-8.726871e-09	-3.899779e-09	-4.649561e+01	-1.128566e+03
6.660000e-06	-8.778862e-09	-3.913211e-09	-4.677309e+01	-1.132454e+03
6.670000e-06	-8.830200e-09	-3.926697e-09	-4.704707e+01	-1.136345e+03
6.680000e-06	-8.880912e-09	-3.940611e-09	-4.731770e+01	-1.140376e+03
6.690000e-06	-8.930930e-09	-3.954685e-09	-4.758468e+01	-1.144471e+03
6.700000e-06	-8.980161e-09	-3.968625e-09	-4.784759e+01	-1.148499e+03
6.710000e-06	-9.028533e-09	-3.982413e-09	-4.810602e+01	-1.152448e+03
6.720000e-06	-9.076071e-09	-3.995935e-09	-4.835994e+01	-1.156326e+03
6.730000e-06	-9.122907e-09	-4.008636e-09	-4.860988e+01	-1.159988e+03
6.740000e-06	-9.169133e-09	-4.020180e-09	-4.885645e+01	-1.163319e+03
6.750000e-06	-9.214775e-09	-4.031228e-09	-4.909994e+01	-1.166498e+03
6.760000e-06	-9.259830e-09	-4.042510e-09	-4.934035e+01	-1.169742e+03
6.770000e-06	-9.304318e-09	-4.054230e-09	-4.957774e+01	-1.173107e+03
6.780000e-06	-9.348278e-09	-4.066148e-09	-4.981227e+01	-1.176545e+03
6.790000e-06	-9.391735e-09	-4.077443e-09	-5.004409e+01	-1.179832e+03
6.800000e-06	-9.434646e-09	-4.087943e-09	-5.027305e+01	-1.182853e+03
6.810000e-06	-9.476945e-09	-4.098278e-09	-5.049879e+01	-1.185784e+03
6.820000e-06	-9.518616e-09	-4.108548e-09	-5.072124e+01	-1.188715e+03
6.830000e-06	-9.559659e-09	-4.118392e-09	-5.094034e+01	-1.191558e+03
6.840000e-06	-9.600097e-09	-4.128020e-09	-5.115610e+01	-1.194340e+03
6.850000e-06	-9.639942e-09	-4.137837e-09	-5.136867e+01	-1.197162e+03
6.860000e-06	-9.679124e-09	-4.147737e-09	-5.157785e+01	-1.200007e+03
6.870000e-06	-9.717490e-09	-4.157232e-09	-5.178285e+01	-1.202740e+03
6.880000e-06	-9.754949e-09	-4.165946e-09	-5.198298e+01	-1.205272e+03
6.890000e-06	-9.791584e-09	-4.174124e-09	-5.217857e+01	-1.207650e+03
6.900000e-06	-9.827568e-09	-4.182302e-09	-5.237059e+01	-1.209993e+03
6.910000e-06	-9.862962e-09	-4.190817e-09	-5.255949e+01	-1.212420e+03
6.920000e-06	-9.897698e-09	-4.199502e-09	-5.274499e+01	-1.214902e+03
6.930000e-06	-9.931749e-09	-4.207918e-09	-5.292687e+01	-1.217340e+03
6.940000e-06	-9.965117e-09	-4.215725e-09	-5.310506e+01	-1.219627e+03
6.950000e-06	-9.997823e-09	-4.223057e-09	-5.327964e+01	-1.221748e+03
6.960000e-06	-1.002993e-08	-4.230246e-09	-5.345098e+01	-1.223804e+03
6.970000e-06	-1.006140e-08	-4.237284e-09	-5.361902e+01	-1.225824e+03
6.980000e-06	-1.009206e-08	-4.244324e-09	-5.378285e+01	-1.227838e+03
6.990000e-06	-1.012174e-08	-4.251525e-09	-5.394153e+01	-1.229898e+03
7.000000e-06	-1.015048e-08	-4.258629e-09	-5.409511e+01	-1.231957e+03
7.010000e-06	-1.017851e-08	-4.265465e-09	-5.424470e+01	-1.233937e+03
7.020000e-06	-1.020594e-08	-4.271895e-09	-5.439112e+01	-1.235787e+03
7.030000e-06	-1.023271e-08	-4.277943e-09	-5.453413e+01	-1.237546e+03
7.040000e-06	-1.025875e-08	-4.283661e-09	-5.467329e+01	-1.239231e+03
7.050000e-06	-1.028404e-08	-4.289056e-09	-5.480841e+01	-1.240813e+03
7.060000e-06	-1.030862e-08	-4.294688e-09	-5.493968e+01	-1.242425e+03
7.070000e-06	-1.033265e-08	-4.300546e-09	-5.506786e+01	-1.244083e+03
7.080000e-06	-1.035612e-08	-4.306149e-09	-5.519313e+01	-1.245690e+03
7.090000e-06	-1.037876e-08	-4.311355e-09	-5.531425e+01	-1.247211e+03
7.100000e-06	-1.040039e-08	-4.316448e-09	-5.542998e+01	-1.248689e+03
7.110000e-06	-1.042108e-08	-4.321576e-09	-5.554061e+01	-1.250169e+03
7.120000e-06	-1.044111e-08	-4.326173e-09	-5.564755e+01	-1.251511e+03
7.130000e-06	-1.046055e-08	-4.330424e-09	-5.575138e+01	-1.252754e+03
7.140000e-06	-1.047927e-08	-4.334661e-09	-5.585151e+01	-1.253991e+03
7.150000e-06	-1.049729e-08	-4.338563e-09	-5.594782e+01	-1.255121e+03
7.160000e-06	-1.051460e-08	-4.342181e-09	-5.604033e+01	-1.256145e+03
7.170000e-06	-1.053122e-08	-4.345901e-09	-5.612906e+01	-1.257204e+03
7.180000e-06	-1.054725e-08	-4.349916e-09	-5.621460e+01	-1.258372e+03
7.190000e-06	-1.056260e-08	-4.353909e-09	-5.629680e+01	-1.259548e+03
7.200000e-06	-1.057697e-08	-4.357386e-09	-5.637401e+01	-1.260574e+03
7.210000e-06	-1.059022e-08	-4.360516e-09	-5.644512e+01	-1.261492e+03
7.220000e-06	-1.060253e-08	-4.363426e-09	-5.651105e+01	-1.262348e+03
7.230000e-06	-1.061409e-08	-4.365938e-09	-5.657295e+01	-1.263088e+03
7.240000e-06	-1.062491e-08	-4.368219e-09	-5.663085e+01	-1.263755e+03
7.250000e-06	-1.063497e-08	-4.370587e-09	-5.668474e+01	-1.264435e+03
7.260000e-06	-1.064430e-08	-4.373030e-09	-5.673471e+01	-1.265138e+03
7.270000e-06	-1.065290e-08	-4.375203e-09	-5.678081e+01	-1.265775e+03
7.280000e-06	-1.066090e-08	-4.377229e-09	-5.682360e+01	-1.266372e+03
7.290000e-06	-1.066825e-08	-4.379334e-09	-5.686314e+01	-1.266981e+03
7.300000e-06	-1.067472e-08	-4.381190e-09	-5.689807e+01	-1.267511e+03
7.310000e-06	-1.068013e-08	-4.382412e-09	-5.692728e+01	-1.267862e+03
7.320000e-06	-1.068464e-08	-4.383439e-09	-5.695158e+01	-1.268164e+03
7.330000e-06	-1.068853e-08	-4.384458e-09	-5.697253e+01	-1.268473e+03
7.340000e-06	-1.069183e-08	-4.385134e-09	-5.699034e+01	-1.268688e+03
7.350000e-06	-1.069442e-08	-4.385621e-09	-5.700441e+01	-1.268839e+03
7.360000e-06	-1.069629e-08	-4.385935e-09	-5.701468e+01	-1.268942e+03
7.370000e-06	-1.069743e-08	-4.386301e-09	-5.702104e+01	-1.269060e+03
