# Temperatura_=_19.196
# Concentracion g/m^3_=_8100.0
# C_Vs_to_Am_M_A/Vsm_=_254322799225.57578
# pendiente_HvsI_1/m_=_3716.3
# ordenada_HvsI_A/m_=_1297.0
# frecuencia_Hz_=_135535.12318248296
# Promedio de 25 ciclos

Tiempo_(s)	Campo_(V.s)	Magnetizacion_(V.s)	Campo_(kA/m)	Magnetizacion_(A/m)
0.000000e+00	-1.070841e-08	-2.403021e-09	-5.703976e+01	-6.978138e+02
1.000000e-08	-1.070847e-08	-2.404090e-09	-5.704011e+01	-6.980907e+02
2.000000e-08	-1.070797e-08	-2.403723e-09	-5.703746e+01	-6.980089e+02
3.000000e-08	-1.070658e-08	-2.402202e-09	-5.703015e+01	-6.976295e+02
4.000000e-08	-1.070414e-08	-2.400505e-09	-5.701721e+01	-6.971990e+02
5.000000e-08	-1.070083e-08	-2.400007e-09	-5.699956e+01	-6.970627e+02
6.000000e-08	-1.069692e-08	-2.400405e-09	-5.697873e+01	-6.971477e+02
7.000000e-08	-1.069246e-08	-2.400529e-09	-5.695500e+01	-6.971588e+02
8.000000e-08	-1.068734e-08	-2.402450e-09	-5.692775e+01	-6.976056e+02
9.000000e-08	-1.068142e-08	-2.407580e-09	-5.689629e+01	-6.988067e+02
1.000000e-07	-1.067453e-08	-2.403894e-09	-5.685961e+01	-6.978062e+02
1.100000e-07	-1.066644e-08	-2.381436e-09	-5.681651e+01	-6.921700e+02
1.200000e-07	-1.065699e-08	-2.364480e-09	-5.676617e+01	-6.879118e+02
1.300000e-07	-1.064652e-08	-2.388691e-09	-5.671038e+01	-6.939389e+02
1.400000e-07	-1.063567e-08	-2.432760e-09	-5.665265e+01	-7.048606e+02
1.500000e-07	-1.062442e-08	-2.419967e-09	-5.659282e+01	-7.017723e+02
1.600000e-07	-1.061224e-08	-2.353223e-09	-5.652796e+01	-6.851217e+02
1.700000e-07	-1.059916e-08	-2.347768e-09	-5.645827e+01	-6.830628e+02
1.800000e-07	-1.058553e-08	-2.405083e-09	-5.638560e+01	-6.972652e+02
1.900000e-07	-1.057102e-08	-2.391528e-09	-5.630827e+01	-6.949769e+02
2.000000e-07	-1.055527e-08	-2.342829e-09	-5.622445e+01	-6.830879e+02
2.100000e-07	-1.053874e-08	-2.387772e-09	-5.613634e+01	-6.934646e+02
2.200000e-07	-1.052168e-08	-2.432213e-09	-5.604547e+01	-7.045591e+02
2.300000e-07	-1.050382e-08	-2.372821e-09	-5.595034e+01	-6.899617e+02
2.400000e-07	-1.048515e-08	-2.340592e-09	-5.585092e+01	-6.808829e+02
2.500000e-07	-1.046597e-08	-2.380497e-09	-5.574875e+01	-6.903632e+02
2.600000e-07	-1.044617e-08	-2.357659e-09	-5.564328e+01	-6.856238e+02
2.700000e-07	-1.042560e-08	-2.316604e-09	-5.553374e+01	-6.756220e+02
2.800000e-07	-1.040438e-08	-2.370310e-09	-5.542076e+01	-6.888279e+02
2.900000e-07	-1.038246e-08	-2.403380e-09	-5.530395e+01	-6.979433e+02
3.000000e-07	-1.035967e-08	-2.363755e-09	-5.518253e+01	-6.883697e+02
3.100000e-07	-1.033620e-08	-2.384465e-09	-5.505752e+01	-6.925500e+02
3.200000e-07	-1.031224e-08	-2.421577e-09	-5.492986e+01	-7.015346e+02
3.300000e-07	-1.028757e-08	-2.367764e-09	-5.479851e+01	-6.881549e+02
3.400000e-07	-1.026203e-08	-2.340032e-09	-5.466250e+01	-6.802263e+02
3.500000e-07	-1.023564e-08	-2.378268e-09	-5.452191e+01	-6.893475e+02
3.600000e-07	-1.020841e-08	-2.352383e-09	-5.437683e+01	-6.835181e+02
3.700000e-07	-1.018045e-08	-2.313500e-09	-5.422791e+01	-6.736700e+02
3.800000e-07	-1.015187e-08	-2.352527e-09	-5.407564e+01	-6.832224e+02
3.900000e-07	-1.012257e-08	-2.358164e-09	-5.391963e+01	-6.853850e+02
4.000000e-07	-1.009253e-08	-2.320500e-09	-5.375967e+01	-6.760447e+02
4.100000e-07	-1.006178e-08	-2.342504e-09	-5.359592e+01	-6.811165e+02
4.200000e-07	-1.003036e-08	-2.354454e-09	-5.342854e+01	-6.844903e+02
4.300000e-07	-9.998360e-09	-2.323976e-09	-5.325801e+01	-6.768751e+02
4.400000e-07	-9.965718e-09	-2.341695e-09	-5.308416e+01	-6.808014e+02
4.500000e-07	-9.932247e-09	-2.358577e-09	-5.290594e+01	-6.851799e+02
4.600000e-07	-9.897814e-09	-2.323954e-09	-5.272254e+01	-6.764974e+02
4.700000e-07	-9.862507e-09	-2.316943e-09	-5.253446e+01	-6.742632e+02
4.800000e-07	-9.826559e-09	-2.330295e-09	-5.234295e+01	-6.775669e+02
4.900000e-07	-9.790061e-09	-2.314677e-09	-5.214854e+01	-6.735954e+02
5.000000e-07	-9.752955e-09	-2.308509e-09	-5.195087e+01	-6.716756e+02
5.100000e-07	-9.715137e-09	-2.314125e-09	-5.174944e+01	-6.729836e+02
5.200000e-07	-9.676577e-09	-2.303178e-09	-5.154408e+01	-6.701230e+02
5.300000e-07	-9.637348e-09	-2.300932e-09	-5.133512e+01	-6.692484e+02
5.400000e-07	-9.597531e-09	-2.305370e-09	-5.112301e+01	-6.702569e+02
5.500000e-07	-9.557101e-09	-2.289991e-09	-5.090768e+01	-6.662592e+02
5.600000e-07	-9.515901e-09	-2.276934e-09	-5.068829e+01	-6.626681e+02
5.700000e-07	-9.473764e-09	-2.278971e-09	-5.046386e+01	-6.630407e+02
5.800000e-07	-9.430714e-09	-2.275692e-09	-5.023450e+01	-6.620701e+02
5.900000e-07	-9.386949e-09	-2.268966e-09	-5.000131e+01	-6.600735e+02
6.000000e-07	-9.342625e-09	-2.266499e-09	-4.976521e+01	-6.592334e+02
6.100000e-07	-9.297750e-09	-2.259586e-09	-4.952618e+01	-6.573015e+02
6.200000e-07	-9.252243e-09	-2.249967e-09	-4.928377e+01	-6.546224e+02
6.300000e-07	-9.206073e-09	-2.245214e-09	-4.903786e+01	-6.532398e+02
6.400000e-07	-9.159279e-09	-2.241286e-09	-4.878854e+01	-6.520505e+02
6.500000e-07	-9.111880e-09	-2.234302e-09	-4.853596e+01	-6.500074e+02
6.600000e-07	-9.063816e-09	-2.226676e-09	-4.827992e+01	-6.478444e+02
6.700000e-07	-9.014962e-09	-2.220570e-09	-4.801977e+01	-6.460891e+02
6.800000e-07	-8.965231e-09	-2.215427e-09	-4.775497e+01	-6.445287e+02
6.900000e-07	-8.914584e-09	-2.208770e-09	-4.748521e+01	-6.425915e+02
7.000000e-07	-8.863048e-09	-2.200469e-09	-4.721072e+01	-6.402464e+02
7.100000e-07	-8.810751e-09	-2.192865e-09	-4.693222e+01	-6.380745e+02
7.200000e-07	-8.757797e-09	-2.185966e-09	-4.665016e+01	-6.360962e+02
7.300000e-07	-8.704235e-09	-2.179568e-09	-4.636484e+01	-6.342068e+02
7.400000e-07	-8.650120e-09	-2.173859e-09	-4.607658e+01	-6.324504e+02
7.500000e-07	-8.595474e-09	-2.165799e-09	-4.578547e+01	-6.301423e+02
7.600000e-07	-8.540298e-09	-2.154815e-09	-4.549149e+01	-6.271242e+02
7.700000e-07	-8.484562e-09	-2.146251e-09	-4.519453e+01	-6.246852e+02
7.800000e-07	-8.428231e-09	-2.141341e-09	-4.489446e+01	-6.231523e+02
7.900000e-07	-8.371279e-09	-2.134981e-09	-4.459115e+01	-6.212380e+02
8.000000e-07	-8.313651e-09	-2.125828e-09	-4.428427e+01	-6.185876e+02
8.100000e-07	-8.255302e-09	-2.116975e-09	-4.397345e+01	-6.160134e+02
8.200000e-07	-8.196208e-09	-2.108987e-09	-4.365861e+01	-6.136942e+02
8.300000e-07	-8.136427e-09	-2.101174e-09	-4.334018e+01	-6.114261e+02
8.400000e-07	-8.076101e-09	-2.093439e-09	-4.301889e+01	-6.091659e+02
8.500000e-07	-8.015320e-09	-2.084273e-09	-4.269513e+01	-6.065437e+02
8.600000e-07	-7.954056e-09	-2.074113e-09	-4.236885e+01	-6.036596e+02
8.700000e-07	-7.892261e-09	-2.065879e-09	-4.203982e+01	-6.012246e+02
8.800000e-07	-7.829955e-09	-2.058831e-09	-4.170803e+01	-5.990669e+02
8.900000e-07	-7.767169e-09	-2.049556e-09	-4.137365e+01	-5.963563e+02
9.000000e-07	-7.703898e-09	-2.038168e-09	-4.103663e+01	-5.931193e+02
9.100000e-07	-7.640071e-09	-2.027361e-09	-4.069660e+01	-5.900281e+02
9.200000e-07	-7.575642e-09	-2.017743e-09	-4.035336e+01	-5.872536e+02
9.300000e-07	-7.510633e-09	-2.008599e-09	-4.000707e+01	-5.845919e+02
9.400000e-07	-7.445043e-09	-1.999270e-09	-3.965774e+01	-5.818623e+02
9.500000e-07	-7.378857e-09	-1.988658e-09	-3.930524e+01	-5.787958e+02
9.600000e-07	-7.312093e-09	-1.977342e-09	-3.894964e+01	-5.755377e+02
9.700000e-07	-7.244771e-09	-1.967133e-09	-3.859101e+01	-5.725368e+02
9.800000e-07	-7.176914e-09	-1.957515e-09	-3.822952e+01	-5.696850e+02
9.900000e-07	-7.108579e-09	-1.946608e-09	-3.786553e+01	-5.665304e+02
1.000000e-06	-7.039814e-09	-1.934616e-09	-3.749925e+01	-5.631062e+02
1.010000e-06	-6.970615e-09	-1.923063e-09	-3.713070e+01	-5.597801e+02
1.020000e-06	-6.900958e-09	-1.912358e-09	-3.675975e+01	-5.566479e+02
1.030000e-06	-6.830854e-09	-1.901538e-09	-3.638637e+01	-5.534637e+02
1.040000e-06	-6.760325e-09	-1.889685e-09	-3.601067e+01	-5.500035e+02
1.050000e-06	-6.689364e-09	-1.876901e-09	-3.563268e+01	-5.463156e+02
1.060000e-06	-6.617952e-09	-1.864230e-09	-3.525227e+01	-5.426662e+02
1.070000e-06	-6.546010e-09	-1.852636e-09	-3.486910e+01	-5.392788e+02
1.080000e-06	-6.473488e-09	-1.841647e-09	-3.448293e+01	-5.360326e+02
1.090000e-06	-6.400418e-09	-1.829596e-09	-3.409387e+01	-5.325246e+02
1.100000e-06	-6.326824e-09	-1.816065e-09	-3.370197e+01	-5.286330e+02
1.110000e-06	-6.252691e-09	-1.802494e-09	-3.330715e+01	-5.247090e+02
1.120000e-06	-6.177986e-09	-1.789945e-09	-3.290930e+01	-5.210392e+02
1.130000e-06	-6.102747e-09	-1.777668e-09	-3.250862e+01	-5.174459e+02
1.140000e-06	-6.027021e-09	-1.764280e-09	-3.210532e+01	-5.135595e+02
1.150000e-06	-5.950839e-09	-1.749824e-09	-3.169955e+01	-5.093835e+02
1.160000e-06	-5.874244e-09	-1.735625e-09	-3.129161e+01	-5.052690e+02
1.170000e-06	-5.797247e-09	-1.722281e-09	-3.088158e+01	-5.013730e+02
1.180000e-06	-5.719834e-09	-1.708876e-09	-3.046930e+01	-4.974510e+02
1.190000e-06	-5.641955e-09	-1.694151e-09	-3.005454e+01	-4.931852e+02
1.200000e-06	-5.563596e-09	-1.678064e-09	-2.963720e+01	-4.885712e+02
1.210000e-06	-5.484741e-09	-1.662188e-09	-2.921725e+01	-4.840006e+02
1.220000e-06	-5.405379e-09	-1.647616e-09	-2.879464e+01	-4.797316e+02
1.230000e-06	-5.325558e-09	-1.633214e-09	-2.836945e+01	-4.754841e+02
1.240000e-06	-5.245317e-09	-1.617609e-09	-2.794195e+01	-4.709403e+02
1.250000e-06	-5.164649e-09	-1.600925e-09	-2.751223e+01	-4.661221e+02
1.260000e-06	-5.083559e-09	-1.583977e-09	-2.708034e+01	-4.612074e+02
1.270000e-06	-5.002108e-09	-1.567623e-09	-2.664654e+01	-4.564339e+02
1.280000e-06	-4.920325e-09	-1.551589e-09	-2.621095e+01	-4.517580e+02
1.290000e-06	-4.838240e-09	-1.534433e-09	-2.577378e+01	-4.467971e+02
1.300000e-06	-4.755899e-09	-1.516079e-09	-2.533523e+01	-4.415097e+02
1.310000e-06	-4.673304e-09	-1.498170e-09	-2.489532e+01	-4.363129e+02
1.320000e-06	-4.590442e-09	-1.481319e-09	-2.445400e+01	-4.313757e+02
1.330000e-06	-4.507330e-09	-1.464528e-09	-2.401129e+01	-4.264578e+02
1.340000e-06	-4.423948e-09	-1.446849e-09	-2.356715e+01	-4.213205e+02
1.350000e-06	-4.340248e-09	-1.428142e-09	-2.312135e+01	-4.159161e+02
1.360000e-06	-4.256227e-09	-1.409020e-09	-2.267387e+01	-4.103859e+02
1.370000e-06	-4.171917e-09	-1.390152e-09	-2.222486e+01	-4.048974e+02
1.380000e-06	-4.087338e-09	-1.371189e-09	-2.177437e+01	-3.993790e+02
1.390000e-06	-4.002520e-09	-1.351077e-09	-2.132263e+01	-3.935612e+02
1.400000e-06	-3.917480e-09	-1.330146e-09	-2.086970e+01	-3.875152e+02
1.410000e-06	-3.832212e-09	-1.310013e-09	-2.041555e+01	-3.816669e+02
1.420000e-06	-3.746734e-09	-1.290680e-09	-1.996030e+01	-3.760320e+02
1.430000e-06	-3.661047e-09	-1.270771e-09	-1.950393e+01	-3.702432e+02
1.440000e-06	-3.575137e-09	-1.249779e-09	-1.904632e+01	-3.641664e+02
1.450000e-06	-3.488999e-09	-1.228097e-09	-1.858755e+01	-3.579079e+02
1.460000e-06	-3.402642e-09	-1.206427e-09	-1.812764e+01	-3.516273e+02
1.470000e-06	-3.316065e-09	-1.185207e-09	-1.766647e+01	-3.454365e+02
1.480000e-06	-3.229286e-09	-1.163747e-09	-1.720421e+01	-3.391915e+02
1.490000e-06	-3.142290e-09	-1.141296e-09	-1.674082e+01	-3.326937e+02
1.500000e-06	-3.055052e-09	-1.118564e-09	-1.627616e+01	-3.261017e+02
1.510000e-06	-2.967573e-09	-1.096437e-09	-1.581025e+01	-3.196595e+02
1.520000e-06	-2.879861e-09	-1.074399e-09	-1.534308e+01	-3.132387e+02
1.530000e-06	-2.791929e-09	-1.051420e-09	-1.487475e+01	-3.065535e+02
1.540000e-06	-2.703798e-09	-1.027408e-09	-1.440534e+01	-2.995984e+02
1.550000e-06	-2.615483e-09	-1.003069e-09	-1.393499e+01	-2.925803e+02
1.560000e-06	-2.526983e-09	-9.791286e-10	-1.346370e+01	-2.856536e+02
1.570000e-06	-2.438299e-09	-9.555051e-10	-1.299141e+01	-2.787729e+02
1.580000e-06	-2.349435e-09	-9.312795e-10	-1.251818e+01	-2.717134e+02
1.590000e-06	-2.260415e-09	-9.061629e-10	-1.204411e+01	-2.644147e+02
1.600000e-06	-2.171239e-09	-8.810760e-10	-1.156916e+01	-2.571254e+02
1.610000e-06	-2.081886e-09	-8.565531e-10	-1.109327e+01	-2.499786e+02
1.620000e-06	-1.992361e-09	-8.319144e-10	-1.061649e+01	-2.427902e+02
1.630000e-06	-1.902680e-09	-8.060262e-10	-1.013889e+01	-2.352758e+02
1.640000e-06	-1.812845e-09	-7.791610e-10	-9.660496e+00	-2.275106e+02
1.650000e-06	-1.722868e-09	-7.526226e-10	-9.181327e+00	-2.198313e+02
1.660000e-06	-1.632758e-09	-7.266956e-10	-8.701369e+00	-2.122875e+02
1.670000e-06	-1.542528e-09	-7.009289e-10	-8.220749e+00	-2.047513e+02
1.680000e-06	-1.452204e-09	-6.745617e-10	-7.739617e+00	-1.970469e+02
1.690000e-06	-1.361811e-09	-6.474423e-10	-7.258097e+00	-1.891323e+02
1.700000e-06	-1.271349e-09	-6.204032e-10	-6.776237e+00	-1.812439e+02
1.710000e-06	-1.180806e-09	-5.937664e-10	-6.293934e+00	-1.734823e+02
1.720000e-06	-1.090177e-09	-5.670034e-10	-5.811177e+00	-1.656930e+02
1.730000e-06	-9.994527e-10	-5.396279e-10	-5.327953e+00	-1.577382e+02
1.740000e-06	-9.086461e-10	-5.118375e-10	-4.844261e+00	-1.496738e+02
1.750000e-06	-8.177683e-10	-4.844585e-10	-4.360148e+00	-1.417137e+02
1.760000e-06	-7.268044e-10	-4.575081e-10	-3.875600e+00	-1.338393e+02
1.770000e-06	-6.357370e-10	-4.302749e-10	-3.390527e+00	-1.258676e+02
1.780000e-06	-5.445900e-10	-4.023225e-10	-2.905024e+00	-1.177057e+02
1.790000e-06	-4.533913e-10	-3.737263e-10	-2.419259e+00	-1.093875e+02
1.800000e-06	-3.621399e-10	-3.452778e-10	-1.933231e+00	-1.011169e+02
1.810000e-06	-2.708563e-10	-3.178334e-10	-1.447025e+00	-9.310935e+01
1.820000e-06	-1.795823e-10	-2.910606e-10	-9.608608e-01	-8.528506e+01
1.830000e-06	-8.833837e-11	-2.637501e-10	-4.748672e-01	-7.732890e+01
1.840000e-06	2.885736e-12	-2.357931e-10	1.101299e-02	-6.920178e+01
1.850000e-06	9.407525e-11	-2.076809e-10	4.967458e-01	-6.101554e+01
1.860000e-06	1.852450e-10	-1.793273e-10	9.823702e-01	-5.274373e+01
1.870000e-06	2.764144e-10	-1.507444e-10	1.467983e+00	-4.440950e+01
1.880000e-06	3.675652e-10	-1.220024e-10	1.953548e+00	-3.604453e+01
1.890000e-06	4.586985e-10	-9.331275e-11	2.439023e+00	-2.769434e+01
1.900000e-06	5.498194e-10	-6.520686e-11	2.924432e+00	-1.949260e+01
1.910000e-06	6.409226e-10	-3.771862e-11	3.409738e+00	-1.145661e+01
1.920000e-06	7.319820e-10	-9.807784e-12	3.894799e+00	-3.319520e+00
1.930000e-06	8.229796e-10	1.956134e-11	4.379497e+00	5.211067e+00
1.940000e-06	9.138981e-10	4.998149e-11	4.863719e+00	1.403939e+01
1.950000e-06	1.004723e-09	8.051858e-11	5.347470e+00	2.290894e+01
1.960000e-06	1.095431e-09	1.106841e-10	5.830648e+00	3.168833e+01
1.970000e-06	1.186012e-09	1.402249e-10	6.313175e+00	4.030840e+01
1.980000e-06	1.276477e-09	1.694398e-10	6.795048e+00	4.885065e+01
1.990000e-06	1.366818e-09	1.990153e-10	7.276242e+00	5.749856e+01
2.000000e-06	1.457058e-09	2.292363e-10	7.756911e+00	6.632156e+01
2.010000e-06	1.547200e-09	2.600138e-10	8.237029e+00	7.529151e+01
2.020000e-06	1.637228e-09	2.915342e-10	8.716532e+00	8.444902e+01
2.030000e-06	1.727157e-09	3.239906e-10	9.195538e+00	9.385372e+01
2.040000e-06	1.816988e-09	3.567656e-10	9.674021e+00	1.033662e+02
2.050000e-06	1.906703e-09	3.891020e-10	1.015185e+01	1.127851e+02
2.060000e-06	1.996305e-09	4.210120e-10	1.062905e+01	1.221075e+02
2.070000e-06	2.085760e-09	4.528607e-10	1.110547e+01	1.314096e+02
2.080000e-06	2.175051e-09	4.850304e-10	1.158098e+01	1.407828e+02
2.090000e-06	2.264175e-09	5.176461e-10	1.205562e+01	1.502817e+02
2.100000e-06	2.353095e-09	5.504079e-10	1.252922e+01	1.598262e+02
2.110000e-06	2.441808e-09	5.826271e-10	1.300170e+01	1.692120e+02
2.120000e-06	2.530292e-09	6.141237e-10	1.347299e+01	1.783919e+02
2.130000e-06	2.618519e-09	6.457430e-10	1.394301e+01	1.875906e+02
2.140000e-06	2.706523e-09	6.778656e-10	1.441183e+01	1.969079e+02
2.150000e-06	2.794343e-09	7.097877e-10	1.487961e+01	2.061794e+02
2.160000e-06	2.881985e-09	7.408404e-10	1.534643e+01	2.152309e+02
2.170000e-06	2.969424e-09	7.712591e-10	1.581219e+01	2.240989e+02
2.180000e-06	3.056661e-09	8.013154e-10	1.627692e+01	2.328518e+02
2.190000e-06	3.143720e-09	8.308042e-10	1.674070e+01	2.414530e+02
2.200000e-06	3.230597e-09	8.597894e-10	1.720345e+01	2.499109e+02
2.210000e-06	3.317275e-09	8.885400e-10	1.766511e+01	2.582844e+02
2.220000e-06	3.403727e-09	9.172393e-10	1.812558e+01	2.666225e+02
2.230000e-06	3.489929e-09	9.464175e-10	1.858473e+01	2.750688e+02
2.240000e-06	3.575872e-09	9.758363e-10	1.904249e+01	2.835727e+02
2.250000e-06	3.661562e-09	1.003942e-09	1.949891e+01	2.917432e+02
2.260000e-06	3.747004e-09	1.030073e-09	1.995402e+01	2.993876e+02
2.270000e-06	3.832201e-09	1.055312e-09	2.040787e+01	3.067549e+02
2.280000e-06	3.917171e-09	1.080625e-09	2.086048e+01	3.141058e+02
2.290000e-06	4.001925e-09	1.105919e-09	2.131193e+01	3.214479e+02
2.300000e-06	4.086455e-09	1.130953e-09	2.176217e+01	3.287317e+02
2.310000e-06	4.170754e-09	1.155792e-09	2.221115e+01	3.359552e+02
2.320000e-06	4.254807e-09	1.180381e-09	2.265880e+01	3.431049e+02
2.330000e-06	4.338573e-09	1.204488e-09	2.310498e+01	3.501045e+02
2.340000e-06	4.422041e-09	1.228004e-09	2.354965e+01	3.569231e+02
2.350000e-06	4.505204e-09	1.250808e-09	2.399264e+01	3.635512e+02
2.360000e-06	4.588041e-09	1.272642e-09	2.443389e+01	3.699090e+02
2.370000e-06	4.670560e-09	1.293912e-09	2.487347e+01	3.760877e+02
2.380000e-06	4.752772e-09	1.315610e-09	2.531144e+01	3.823519e+02
2.390000e-06	4.834659e-09	1.337720e-09	2.574764e+01	3.887433e+02
2.400000e-06	4.916201e-09	1.359499e-09	2.618195e+01	3.950794e+02
2.410000e-06	4.997386e-09	1.380579e-09	2.661427e+01	4.012321e+02
2.420000e-06	5.078180e-09	1.401019e-09	2.704447e+01	4.071964e+02
2.430000e-06	5.158561e-09	1.421163e-09	2.747257e+01	4.130519e+02
2.440000e-06	5.238564e-09	1.441337e-09	2.789870e+01	4.188908e+02
2.450000e-06	5.318208e-09	1.461261e-09	2.832290e+01	4.246533e+02
2.460000e-06	5.397478e-09	1.480706e-09	2.874513e+01	4.302798e+02
2.470000e-06	5.476352e-09	1.499988e-09	2.916525e+01	4.358482e+02
2.480000e-06	5.554787e-09	1.519107e-09	2.958306e+01	4.413834e+02
2.490000e-06	5.632772e-09	1.537763e-09	2.999847e+01	4.468162e+02
2.500000e-06	5.710317e-09	1.555916e-09	3.041156e+01	4.521205e+02
2.510000e-06	5.787441e-09	1.573730e-09	3.082240e+01	4.573067e+02
2.520000e-06	5.864160e-09	1.591399e-09	3.123104e+01	4.624116e+02
2.530000e-06	5.940440e-09	1.608924e-09	3.163728e+01	4.674701e+02
2.540000e-06	6.016220e-09	1.626116e-09	3.204086e+01	4.724487e+02
2.550000e-06	6.091490e-09	1.642916e-09	3.244175e+01	4.773315e+02
2.560000e-06	6.166231e-09	1.659358e-09	3.283984e+01	4.821246e+02
2.570000e-06	6.240432e-09	1.675419e-09	3.323508e+01	4.868063e+02
2.580000e-06	6.314112e-09	1.691251e-09	3.362753e+01	4.914032e+02
2.590000e-06	6.387286e-09	1.707070e-09	3.401730e+01	4.959857e+02
2.600000e-06	6.459963e-09	1.722611e-09	3.440446e+01	5.004954e+02
2.610000e-06	6.532135e-09	1.737723e-09	3.478896e+01	5.048758e+02
2.620000e-06	6.603809e-09	1.752682e-09	3.517082e+01	5.092094e+02
2.630000e-06	6.675023e-09	1.767332e-09	3.555021e+01	5.134655e+02
2.640000e-06	6.745789e-09	1.781395e-09	3.592725e+01	5.175494e+02
2.650000e-06	6.816090e-09	1.794998e-09	3.630176e+01	5.214937e+02
2.660000e-06	6.885898e-09	1.808249e-09	3.667359e+01	5.253485e+02
2.670000e-06	6.955221e-09	1.821259e-09	3.704283e+01	5.291341e+02
2.680000e-06	7.024101e-09	1.834316e-09	3.740975e+01	5.329174e+02
2.690000e-06	7.092552e-09	1.847487e-09	3.777439e+01	5.367407e+02
2.700000e-06	7.160548e-09	1.860267e-09	3.813656e+01	5.404673e+02
2.710000e-06	7.228061e-09	1.872624e-09	3.849618e+01	5.440523e+02
2.720000e-06	7.295055e-09	1.884908e-09	3.885305e+01	5.475856e+02
2.730000e-06	7.361479e-09	1.896769e-09	3.920684e+01	5.510073e+02
2.740000e-06	7.427282e-09	1.908045e-09	3.955730e+01	5.542792e+02
2.750000e-06	7.492458e-09	1.919397e-09	3.990449e+01	5.575639e+02
2.760000e-06	7.557030e-09	1.930932e-09	4.024851e+01	5.609053e+02
2.770000e-06	7.621046e-09	1.942083e-09	4.058956e+01	5.641621e+02
2.780000e-06	7.684547e-09	1.953083e-09	4.092786e+01	5.673789e+02
2.790000e-06	7.747549e-09	1.964119e-09	4.126350e+01	5.705957e+02
2.800000e-06	7.810048e-09	1.974480e-09	4.159646e+01	5.736188e+02
2.810000e-06	7.872038e-09	1.984220e-09	4.192666e+01	5.764492e+02
2.820000e-06	7.933525e-09	1.994108e-09	4.225416e+01	5.792945e+02
2.830000e-06	7.994519e-09	2.004032e-09	4.257907e+01	5.821468e+02
2.840000e-06	8.055040e-09	2.013617e-09	4.290146e+01	5.849215e+02
2.850000e-06	8.115086e-09	2.023150e-09	4.322129e+01	5.876989e+02
2.860000e-06	8.174610e-09	2.032919e-09	4.353831e+01	5.905411e+02
2.870000e-06	8.233540e-09	2.042506e-09	4.385210e+01	5.933276e+02
2.880000e-06	8.291751e-09	2.051645e-09	4.416207e+01	5.959981e+02
2.890000e-06	8.349181e-09	2.060804e-09	4.446793e+01	5.986731e+02
2.900000e-06	8.405880e-09	2.070111e-09	4.476993e+01	6.013611e+02
2.910000e-06	8.461932e-09	2.078934e-09	4.506849e+01	6.039026e+02
2.920000e-06	8.517424e-09	2.087082e-09	4.536405e+01	6.062711e+02
2.930000e-06	8.572375e-09	2.095079e-09	4.565675e+01	6.085995e+02
2.940000e-06	8.626753e-09	2.102948e-09	4.594640e+01	6.108874e+02
2.950000e-06	8.680525e-09	2.110545e-09	4.623285e+01	6.131039e+02
2.960000e-06	8.733694e-09	2.118655e-09	4.651607e+01	6.154607e+02
2.970000e-06	8.786249e-09	2.127519e-09	4.679601e+01	6.180264e+02
2.980000e-06	8.838123e-09	2.136217e-09	4.707237e+01	6.205512e+02
2.990000e-06	8.889234e-09	2.144188e-09	4.734463e+01	6.228690e+02
3.000000e-06	8.939508e-09	2.151691e-09	4.761246e+01	6.250405e+02
3.010000e-06	8.988894e-09	2.158856e-09	4.787565e+01	6.271116e+02
3.020000e-06	9.037477e-09	2.165484e-09	4.813460e+01	6.290411e+02
3.030000e-06	9.085418e-09	2.172212e-09	4.839007e+01	6.310011e+02
3.040000e-06	9.132776e-09	2.179647e-09	4.864239e+01	6.331540e+02
3.050000e-06	9.179516e-09	2.187226e-09	4.889142e+01	6.353524e+02
3.060000e-06	9.225600e-09	2.194611e-09	4.913704e+01	6.375075e+02
3.070000e-06	9.271024e-09	2.202031e-09	4.937918e+01	6.396736e+02
3.080000e-06	9.315823e-09	2.208986e-09	4.961795e+01	6.417047e+02
3.090000e-06	9.360084e-09	2.215045e-09	4.985381e+01	6.434838e+02
3.100000e-06	9.403863e-09	2.220952e-09	5.008707e+01	6.451999e+02
3.110000e-06	9.447075e-09	2.227333e-09	5.031727e+01	6.470221e+02
3.120000e-06	9.489496e-09	2.233722e-09	5.054328e+01	6.488597e+02
3.130000e-06	9.531005e-09	2.239905e-09	5.076452e+01	6.506559e+02
3.140000e-06	9.571675e-09	2.246223e-09	5.098132e+01	6.524938e+02
3.150000e-06	9.611676e-09	2.252458e-09	5.119451e+01	6.543220e+02
3.160000e-06	9.651100e-09	2.258336e-09	5.140459e+01	6.560530e+02
3.170000e-06	9.689898e-09	2.263931e-09	5.161137e+01	6.576967e+02
3.180000e-06	9.728011e-09	2.269491e-09	5.181453e+01	6.593147e+02
3.190000e-06	9.765423e-09	2.275256e-09	5.201391e+01	6.609622e+02
3.200000e-06	9.802161e-09	2.281095e-09	5.220968e+01	6.626216e+02
3.210000e-06	9.838331e-09	2.286368e-09	5.240242e+01	6.641473e+02
3.220000e-06	9.873965e-09	2.291025e-09	5.259228e+01	6.655253e+02
3.230000e-06	9.908908e-09	2.295982e-09	5.277845e+01	6.669938e+02
3.240000e-06	9.942945e-09	2.301332e-09	5.295983e+01	6.685645e+02
3.250000e-06	9.976019e-09	2.306545e-09	5.313616e+01	6.700805e+02
3.260000e-06	1.000832e-08	2.311822e-09	5.330838e+01	6.715983e+02
3.270000e-06	1.004003e-08	2.317247e-09	5.347735e+01	6.731352e+02
3.280000e-06	1.007113e-08	2.322421e-09	5.364303e+01	6.745891e+02
3.290000e-06	1.010155e-08	2.327275e-09	5.380509e+01	6.759625e+02
3.300000e-06	1.013127e-08	2.331645e-09	5.396343e+01	6.772307e+02
3.310000e-06	1.016028e-08	2.335516e-09	5.411797e+01	6.783714e+02
3.320000e-06	1.018864e-08	2.339482e-09	5.426915e+01	6.795269e+02
3.330000e-06	1.021647e-08	2.343789e-09	5.441749e+01	6.807723e+02
3.340000e-06	1.024367e-08	2.348079e-09	5.456245e+01	6.820103e+02
3.350000e-06	1.026994e-08	2.352109e-09	5.470245e+01	6.831688e+02
3.360000e-06	1.029514e-08	2.355759e-09	5.483681e+01	6.842151e+02
3.370000e-06	1.031947e-08	2.359112e-09	5.496650e+01	6.851783e+02
3.380000e-06	1.034312e-08	2.362503e-09	5.509255e+01	6.861554e+02
3.390000e-06	1.036612e-08	2.365809e-09	5.521511e+01	6.871175e+02
3.400000e-06	1.038845e-08	2.368667e-09	5.533413e+01	6.879677e+02
3.410000e-06	1.041009e-08	2.371182e-09	5.544947e+01	6.887179e+02
3.420000e-06	1.043103e-08	2.373781e-09	5.556103e+01	6.894754e+02
3.430000e-06	1.045133e-08	2.376749e-09	5.566922e+01	6.903356e+02
3.440000e-06	1.047109e-08	2.379902e-09	5.577450e+01	6.912520e+02
3.450000e-06	1.049023e-08	2.382698e-09	5.587646e+01	6.920614e+02
3.460000e-06	1.050854e-08	2.385128e-09	5.597412e+01	6.927661e+02
3.470000e-06	1.052600e-08	2.387803e-09	5.606726e+01	6.935252e+02
3.480000e-06	1.054274e-08	2.390623e-09	5.615656e+01	6.943149e+02
3.490000e-06	1.055876e-08	2.392864e-09	5.624192e+01	6.949648e+02
3.500000e-06	1.057389e-08	2.394310e-09	5.632254e+01	6.954005e+02
3.510000e-06	1.058815e-08	2.395363e-09	5.639859e+01	6.957181e+02
3.520000e-06	1.060165e-08	2.396634e-09	5.647054e+01	6.960913e+02
3.530000e-06	1.061438e-08	2.398458e-09	5.653842e+01	6.966202e+02
3.540000e-06	1.062640e-08	2.400563e-09	5.660249e+01	6.972224e+02
3.550000e-06	1.063763e-08	2.402302e-09	5.666239e+01	6.977154e+02
3.560000e-06	1.064785e-08	2.403492e-09	5.671680e+01	6.980578e+02
3.570000e-06	1.065695e-08	2.404561e-09	5.676531e+01	6.983553e+02
3.580000e-06	1.066519e-08	2.405680e-09	5.680927e+01	6.986573e+02
3.590000e-06	1.067279e-08	2.406394e-09	5.684982e+01	6.988605e+02
3.600000e-06	1.067971e-08	2.406687e-09	5.688675e+01	6.989592e+02
3.610000e-06	1.068587e-08	2.407043e-09	5.691964e+01	6.990772e+02
3.620000e-06	1.069125e-08	2.407755e-09	5.694835e+01	6.992859e+02
3.630000e-06	1.069592e-08	2.408865e-09	5.697322e+01	6.995914e+02
3.640000e-06	1.070002e-08	2.409904e-09	5.699510e+01	6.998722e+02
3.650000e-06	1.070357e-08	2.410393e-09	5.701404e+01	7.000057e+02
3.660000e-06	1.070631e-08	2.410249e-09	5.702866e+01	6.999713e+02
3.670000e-06	1.070798e-08	2.410214e-09	5.703755e+01	6.999400e+02
3.680000e-06	1.070867e-08	2.410578e-09	5.704120e+01	7.000143e+02
3.690000e-06	1.070868e-08	2.410213e-09	5.704127e+01	6.999330e+02
3.700000e-06	1.070808e-08	2.408930e-09	5.703813e+01	6.996239e+02
3.710000e-06	1.070678e-08	2.407717e-09	5.703130e+01	6.993347e+02
3.720000e-06	1.070479e-08	2.407559e-09	5.702075e+01	6.992915e+02
3.730000e-06	1.070213e-08	2.408502e-09	5.700652e+01	6.994915e+02
3.740000e-06	1.069879e-08	2.408686e-09	5.698872e+01	6.994955e+02
3.750000e-06	1.069492e-08	2.407085e-09	5.696815e+01	6.990508e+02
3.760000e-06	1.069057e-08	2.404021e-09	5.694506e+01	6.982230e+02
3.770000e-06	1.068553e-08	2.395935e-09	5.691827e+01	6.962295e+02
3.780000e-06	1.067944e-08	2.392724e-09	5.688591e+01	6.955583e+02
3.790000e-06	1.067206e-08	2.416019e-09	5.684669e+01	7.013725e+02
3.800000e-06	1.066331e-08	2.444829e-09	5.680015e+01	7.084290e+02
3.810000e-06	1.065342e-08	2.418703e-09	5.674748e+01	7.017571e+02
3.820000e-06	1.064304e-08	2.350521e-09	5.669218e+01	6.846146e+02
3.830000e-06	1.063261e-08	2.348744e-09	5.663665e+01	6.838370e+02
3.840000e-06	1.062171e-08	2.425469e-09	5.657865e+01	7.027178e+02
3.850000e-06	1.060976e-08	2.440457e-09	5.651502e+01	7.067904e+02
3.860000e-06	1.059693e-08	2.370593e-09	5.644673e+01	6.893122e+02
3.870000e-06	1.058355e-08	2.368546e-09	5.637556e+01	6.878935e+02
3.880000e-06	1.056924e-08	2.429686e-09	5.629947e+01	7.029568e+02
3.890000e-06	1.055376e-08	2.406839e-09	5.621706e+01	6.982897e+02
3.900000e-06	1.053754e-08	2.353902e-09	5.613074e+01	6.854177e+02
3.910000e-06	1.052082e-08	2.398478e-09	5.604178e+01	6.958978e+02
3.920000e-06	1.050334e-08	2.437373e-09	5.594873e+01	7.054948e+02
3.930000e-06	1.048503e-08	2.375520e-09	5.585126e+01	6.899406e+02
3.940000e-06	1.046607e-08	2.354412e-09	5.575031e+01	6.837147e+02
3.950000e-06	1.044643e-08	2.406466e-09	5.564578e+01	6.964043e+02
3.960000e-06	1.042603e-08	2.385161e-09	5.553720e+01	6.921574e+02
3.970000e-06	1.040485e-08	2.341286e-09	5.542436e+01	6.817153e+02
3.980000e-06	1.038273e-08	2.394471e-09	5.530656e+01	6.950007e+02
3.990000e-06	1.035962e-08	2.432881e-09	5.518349e+01	7.054833e+02
4.000000e-06	1.033573e-08	2.393915e-09	5.505628e+01	6.960969e+02
4.010000e-06	1.031123e-08	2.407381e-09	5.492580e+01	6.984845e+02
4.020000e-06	1.028603e-08	2.441953e-09	5.479166e+01	7.066106e+02
4.030000e-06	1.026010e-08	2.388508e-09	5.465362e+01	6.930858e+02
4.040000e-06	1.023347e-08	2.354722e-09	5.451177e+01	6.836291e+02
4.050000e-06	1.020615e-08	2.382880e-09	5.436628e+01	6.901731e+02
4.060000e-06	1.017826e-08	2.352906e-09	5.421775e+01	6.831279e+02
4.070000e-06	1.014981e-08	2.317481e-09	5.406618e+01	6.741317e+02
4.080000e-06	1.012050e-08	2.355177e-09	5.391011e+01	6.834356e+02
4.090000e-06	1.009015e-08	2.357838e-09	5.374848e+01	6.848507e+02
4.100000e-06	1.005883e-08	2.331624e-09	5.358167e+01	6.784404e+02
4.110000e-06	1.002674e-08	2.358413e-09	5.341073e+01	6.848991e+02
4.120000e-06	9.994011e-09	2.359658e-09	5.323647e+01	6.856826e+02
4.130000e-06	9.960659e-09	2.332957e-09	5.305887e+01	6.791207e+02
4.140000e-06	9.926652e-09	2.350546e-09	5.287777e+01	6.831654e+02
4.150000e-06	9.892029e-09	2.352187e-09	5.269336e+01	6.836327e+02
4.160000e-06	9.856796e-09	2.332586e-09	5.250569e+01	6.786822e+02
4.170000e-06	9.820953e-09	2.342808e-09	5.231477e+01	6.809797e+02
4.180000e-06	9.784475e-09	2.333892e-09	5.212047e+01	6.786806e+02
4.190000e-06	9.747234e-09	2.314144e-09	5.192210e+01	6.735917e+02
4.200000e-06	9.709059e-09	2.325438e-09	5.171874e+01	6.762605e+02
4.210000e-06	9.669966e-09	2.318823e-09	5.151050e+01	6.744378e+02
4.220000e-06	9.630145e-09	2.300701e-09	5.129839e+01	6.695881e+02
4.230000e-06	9.589698e-09	2.311415e-09	5.108295e+01	6.721366e+02
4.240000e-06	9.548581e-09	2.310456e-09	5.086395e+01	6.717782e+02
4.250000e-06	9.506747e-09	2.292413e-09	5.064113e+01	6.668696e+02
4.260000e-06	9.464240e-09	2.291214e-09	5.041476e+01	6.663268e+02
4.270000e-06	9.421162e-09	2.286366e-09	5.018536e+01	6.650223e+02
4.280000e-06	9.377570e-09	2.270650e-09	4.995316e+01	6.608195e+02
4.290000e-06	9.333458e-09	2.268237e-09	4.971823e+01	6.599893e+02
4.300000e-06	9.288784e-09	2.270093e-09	4.948035e+01	6.602956e+02
4.310000e-06	9.243449e-09	2.262983e-09	4.923893e+01	6.581913e+02
4.320000e-06	9.197402e-09	2.256019e-09	4.899365e+01	6.561371e+02
4.330000e-06	9.150700e-09	2.250276e-09	4.874487e+01	6.545170e+02
4.340000e-06	9.103347e-09	2.241631e-09	4.849268e+01	6.521085e+02
4.350000e-06	9.055260e-09	2.233242e-09	4.823657e+01	6.497085e+02
4.360000e-06	9.006436e-09	2.225972e-09	4.797649e+01	6.476276e+02
4.370000e-06	8.956885e-09	2.219659e-09	4.771256e+01	6.457889e+02
4.380000e-06	8.906612e-09	2.214954e-09	4.744479e+01	6.443400e+02
4.390000e-06	8.855668e-09	2.208500e-09	4.717341e+01	6.424407e+02
4.400000e-06	8.804051e-09	2.200544e-09	4.689844e+01	6.401246e+02
4.410000e-06	8.751712e-09	2.193545e-09	4.661968e+01	6.380631e+02
4.420000e-06	8.698606e-09	2.183980e-09	4.633684e+01	6.353974e+02
4.430000e-06	8.644714e-09	2.173428e-09	4.604983e+01	6.324729e+02
4.440000e-06	8.590063e-09	2.168253e-09	4.575876e+01	6.308614e+02
4.450000e-06	8.534694e-09	2.163711e-09	4.546386e+01	6.293843e+02
4.460000e-06	8.478689e-09	2.153833e-09	4.516563e+01	6.265579e+02
4.470000e-06	8.422149e-09	2.144072e-09	4.486448e+01	6.237817e+02
4.480000e-06	8.365062e-09	2.137096e-09	4.456036e+01	6.217371e+02
4.490000e-06	8.307349e-09	2.128027e-09	4.425297e+01	6.191640e+02
4.500000e-06	8.249021e-09	2.117959e-09	4.394232e+01	6.163014e+02
4.510000e-06	8.190151e-09	2.110635e-09	4.362872e+01	6.141292e+02
4.520000e-06	8.130754e-09	2.102799e-09	4.331226e+01	6.118461e+02
4.530000e-06	8.070809e-09	2.093304e-09	4.299291e+01	6.091078e+02
4.540000e-06	8.010291e-09	2.085508e-09	4.267059e+01	6.067586e+02
4.550000e-06	7.949154e-09	2.077267e-09	4.234500e+01	6.043075e+02
4.560000e-06	7.887401e-09	2.065892e-09	4.201606e+01	6.010866e+02
4.570000e-06	7.825040e-09	2.054667e-09	4.168380e+01	5.979106e+02
4.580000e-06	7.762069e-09	2.045462e-09	4.134824e+01	5.952441e+02
4.590000e-06	7.698488e-09	2.036749e-09	4.100947e+01	5.926666e+02
4.600000e-06	7.634308e-09	2.028007e-09	4.066761e+01	5.900437e+02
4.610000e-06	7.569620e-09	2.018496e-09	4.032306e+01	5.872508e+02
4.620000e-06	7.504451e-09	2.007406e-09	3.997585e+01	5.840916e+02
4.630000e-06	7.438743e-09	1.996384e-09	3.962572e+01	5.809361e+02
4.640000e-06	7.372496e-09	1.986485e-09	3.927280e+01	5.780339e+02
4.650000e-06	7.305772e-09	1.976166e-09	3.891736e+01	5.750098e+02
4.660000e-06	7.238606e-09	1.964874e-09	3.855952e+01	5.717543e+02
4.670000e-06	7.170982e-09	1.953869e-09	3.819923e+01	5.685813e+02
4.680000e-06	7.102870e-09	1.943355e-09	3.783637e+01	5.655061e+02
4.690000e-06	7.034246e-09	1.932793e-09	3.747089e+01	5.623915e+02
4.700000e-06	6.965104e-09	1.921827e-09	3.710272e+01	5.591870e+02
4.710000e-06	6.895470e-09	1.909853e-09	3.673189e+01	5.557452e+02
4.720000e-06	6.825339e-09	1.897153e-09	3.635830e+01	5.521064e+02
4.730000e-06	6.754665e-09	1.884863e-09	3.598175e+01	5.485526e+02
4.740000e-06	6.683434e-09	1.873448e-09	3.560227e+01	5.452063e+02
4.750000e-06	6.611645e-09	1.862072e-09	3.521993e+01	5.418492e+02
4.760000e-06	6.539333e-09	1.849334e-09	3.483489e+01	5.381576e+02
4.770000e-06	6.466580e-09	1.835655e-09	3.444750e+01	5.342338e+02
4.780000e-06	6.393432e-09	1.823110e-09	3.405789e+01	5.305781e+02
4.790000e-06	6.319858e-09	1.811513e-09	3.366600e+01	5.271558e+02
4.800000e-06	6.245851e-09	1.798840e-09	3.327185e+01	5.234656e+02
4.810000e-06	6.171415e-09	1.784934e-09	3.287546e+01	5.194558e+02
4.820000e-06	6.096548e-09	1.770787e-09	3.247674e+01	5.153708e+02
4.830000e-06	6.021256e-09	1.756704e-09	3.207570e+01	5.112894e+02
4.840000e-06	5.945525e-09	1.742967e-09	3.167233e+01	5.072829e+02
4.850000e-06	5.869320e-09	1.729623e-09	3.126643e+01	5.033802e+02
4.860000e-06	5.792625e-09	1.715501e-09	3.085798e+01	4.992976e+02
4.870000e-06	5.715447e-09	1.700635e-09	3.044696e+01	4.950152e+02
4.880000e-06	5.637794e-09	1.686383e-09	3.003339e+01	4.908570e+02
4.890000e-06	5.559667e-09	1.672194e-09	2.961729e+01	4.866927e+02
4.900000e-06	5.481023e-09	1.656845e-09	2.919845e+01	4.822236e+02
4.910000e-06	5.401866e-09	1.640488e-09	2.877688e+01	4.775142e+02
4.920000e-06	5.322229e-09	1.624138e-09	2.835272e+01	4.728082e+02
4.930000e-06	5.242149e-09	1.608490e-09	2.792618e+01	4.682653e+02
4.940000e-06	5.161707e-09	1.593446e-09	2.749774e+01	4.638707e+02
4.950000e-06	5.080973e-09	1.577944e-09	2.706778e+01	4.593610e+02
4.960000e-06	4.999962e-09	1.561209e-09	2.663637e+01	4.545258e+02
4.970000e-06	4.918668e-09	1.544073e-09	2.620341e+01	4.495599e+02
4.980000e-06	4.837079e-09	1.527265e-09	2.576885e+01	4.446621e+02
4.990000e-06	4.755173e-09	1.510396e-09	2.533257e+01	4.397627e+02
5.000000e-06	4.672948e-09	1.493206e-09	2.489460e+01	4.347917e+02
5.010000e-06	4.590431e-09	1.475803e-09	2.445509e+01	4.297617e+02
5.020000e-06	4.507637e-09	1.458169e-09	2.401408e+01	4.246633e+02
5.030000e-06	4.424584e-09	1.440464e-09	2.357167e+01	4.195188e+02
5.040000e-06	4.341254e-09	1.422558e-09	2.312776e+01	4.142834e+02
5.050000e-06	4.257589e-09	1.403596e-09	2.268211e+01	4.087685e+02
5.060000e-06	4.173570e-09	1.383768e-09	2.223464e+01	4.030371e+02
5.070000e-06	4.089208e-09	1.364429e-09	2.178541e+01	3.974216e+02
5.080000e-06	4.004522e-09	1.345830e-09	2.133444e+01	3.920009e+02
5.090000e-06	3.919539e-09	1.327265e-09	2.088179e+01	3.866041e+02
5.100000e-06	3.834300e-09	1.308085e-09	2.042781e+01	3.810448e+02
5.110000e-06	3.748836e-09	1.288003e-09	1.997268e+01	3.752334e+02
5.120000e-06	3.663143e-09	1.267710e-09	1.951629e+01	3.693453e+02
5.130000e-06	3.577193e-09	1.247750e-09	1.905846e+01	3.635125e+02
5.140000e-06	3.490990e-09	1.227556e-09	1.859928e+01	3.576051e+02
5.150000e-06	3.404535e-09	1.206536e-09	1.813877e+01	3.515000e+02
5.160000e-06	3.317787e-09	1.184841e-09	1.767665e+01	3.452323e+02
5.170000e-06	3.230728e-09	1.163103e-09	1.721281e+01	3.389472e+02
5.180000e-06	3.143349e-09	1.141480e-09	1.674726e+01	3.326715e+02
5.190000e-06	3.055659e-09	1.119368e-09	1.628011e+01	3.262427e+02
5.200000e-06	2.967711e-09	1.096050e-09	1.581166e+01	3.194715e+02
5.210000e-06	2.879556e-09	1.072306e-09	1.534210e+01	3.125667e+02
5.220000e-06	2.791208e-09	1.049522e-09	1.487150e+01	3.059052e+02
5.230000e-06	2.702689e-09	1.027418e-09	1.440000e+01	2.994377e+02
5.240000e-06	2.614026e-09	1.004723e-09	1.392770e+01	2.928328e+02
5.250000e-06	2.525224e-09	9.804071e-10	1.345467e+01	2.858005e+02
5.260000e-06	2.436277e-09	9.548363e-10	1.298088e+01	2.784219e+02
5.270000e-06	2.347190e-09	9.296238e-10	1.250633e+01	2.711012e+02
5.280000e-06	2.257974e-09	9.051437e-10	1.203111e+01	2.639424e+02
5.290000e-06	2.168619e-09	8.802117e-10	1.155516e+01	2.566682e+02
5.300000e-06	2.079107e-09	8.547393e-10	1.107836e+01	2.492600e+02
5.310000e-06	1.989437e-09	8.295036e-10	1.060073e+01	2.419083e+02
5.320000e-06	1.899629e-09	8.042117e-10	1.012241e+01	2.345510e+02
5.330000e-06	1.809693e-09	7.782243e-10	9.643444e+00	2.270144e+02
5.340000e-06	1.719635e-09	7.513847e-10	9.163797e+00	2.192243e+02
5.350000e-06	1.629473e-09	7.234948e-10	8.683575e+00	2.111471e+02
5.360000e-06	1.539214e-09	6.954403e-10	8.202848e+00	2.030300e+02
5.370000e-06	1.448868e-09	6.689005e-10	7.721680e+00	1.952901e+02
5.380000e-06	1.358475e-09	6.433559e-10	7.240209e+00	1.878002e+02
5.390000e-06	1.268025e-09	6.169425e-10	6.758413e+00	1.800921e+02
5.400000e-06	1.177490e-09	5.894822e-10	6.276209e+00	1.721161e+02
5.410000e-06	1.086879e-09	5.617603e-10	5.793596e+00	1.640669e+02
5.420000e-06	9.962124e-10	5.339143e-10	5.310613e+00	1.559743e+02
5.430000e-06	9.054937e-10	5.058615e-10	4.827339e+00	1.478151e+02
5.440000e-06	8.147120e-10	4.774571e-10	4.343745e+00	1.395648e+02
5.450000e-06	7.238692e-10	4.488342e-10	3.859825e+00	1.312679e+02
5.460000e-06	6.329624e-10	4.208862e-10	3.375535e+00	1.231385e+02
5.470000e-06	5.420099e-10	3.938739e-10	2.891012e+00	1.152359e+02
5.480000e-06	4.510171e-10	3.669048e-10	2.406298e+00	1.073398e+02
5.490000e-06	3.599855e-10	3.391694e-10	1.921369e+00	9.924330e+01
5.500000e-06	2.689527e-10	3.107170e-10	1.436394e+00	9.097027e+01
5.510000e-06	1.779239e-10	2.821806e-10	9.514390e-01	8.268374e+01
5.520000e-06	8.690331e-11	2.539582e-10	4.665451e-01	7.447876e+01
5.530000e-06	-4.080346e-12	2.260014e-10	-1.816539e-02	6.633407e+01
5.540000e-06	-9.502834e-11	1.978607e-10	-5.027100e-01	5.814193e+01
5.550000e-06	-1.859975e-10	1.691476e-10	-9.873171e-01	4.980764e+01
5.560000e-06	-2.769824e-10	1.403369e-10	-1.471899e+00	4.142626e+01
5.570000e-06	-3.679497e-10	1.122445e-10	-1.956367e+00	3.320799e+01
5.580000e-06	-4.589082e-10	8.448190e-11	-2.440805e+00	2.506032e+01
5.590000e-06	-5.498378e-10	5.592976e-11	-2.925136e+00	1.672778e+01
5.600000e-06	-6.407215e-10	2.649597e-11	-3.409277e+00	8.207969e+00
5.610000e-06	-7.315699e-10	-3.035634e-12	-3.893214e+00	-3.347888e-01
5.620000e-06	-8.223695e-10	-3.235303e-11	-4.376890e+00	-8.852175e+00
5.630000e-06	-9.130938e-10	-6.165237e-11	-4.860185e+00	-1.738656e+01
5.640000e-06	-1.003742e-09	-9.102490e-11	-5.343064e+00	-2.594040e+01
5.650000e-06	-1.094325e-09	-1.205550e-10	-5.825577e+00	-3.453441e+01
5.660000e-06	-1.184841e-09	-1.502226e-10	-6.307700e+00	-4.319106e+01
5.670000e-06	-1.275270e-09	-1.798894e-10	-6.789367e+00	-5.186984e+01
5.680000e-06	-1.365594e-09	-2.098859e-10	-7.270488e+00	-6.063302e+01
5.690000e-06	-1.455821e-09	-2.406265e-10	-7.751054e+00	-6.956589e+01
5.700000e-06	-1.545957e-09	-2.719492e-10	-8.231108e+00	-7.862135e+01
5.710000e-06	-1.635991e-09	-3.033846e-10	-8.710595e+00	-8.772879e+01
5.720000e-06	-1.725927e-09	-3.346337e-10	-9.189592e+00	-9.684099e+01
5.730000e-06	-1.815773e-09	-3.658702e-10	-9.668136e+00	-1.059731e+02
5.740000e-06	-1.905512e-09	-3.975316e-10	-1.014611e+01	-1.151998e+02
5.750000e-06	-1.995111e-09	-4.296078e-10	-1.062338e+01	-1.245190e+02
5.760000e-06	-2.084576e-09	-4.615196e-10	-1.109993e+01	-1.338024e+02
5.770000e-06	-2.173916e-09	-4.931292e-10	-1.157578e+01	-1.430282e+02
5.780000e-06	-2.263105e-09	-5.248150e-10	-1.205081e+01	-1.522743e+02
5.790000e-06	-2.352136e-09	-5.568072e-10	-1.252502e+01	-1.615671e+02
5.800000e-06	-2.441017e-09	-5.891859e-10	-1.299845e+01	-1.709336e+02
5.810000e-06	-2.529720e-09	-6.214793e-10	-1.347094e+01	-1.802894e+02
5.820000e-06	-2.618255e-09	-6.529815e-10	-1.394246e+01	-1.894676e+02
5.830000e-06	-2.706622e-09	-6.840341e-10	-1.441310e+01	-1.985337e+02
5.840000e-06	-2.794807e-09	-7.152154e-10	-1.488279e+01	-2.076107e+02
5.850000e-06	-2.882820e-09	-7.461885e-10	-1.535153e+01	-2.166121e+02
5.860000e-06	-2.970643e-09	-7.764170e-10	-1.581924e+01	-2.254169e+02
5.870000e-06	-3.058239e-09	-8.058918e-10	-1.628581e+01	-2.340251e+02
5.880000e-06	-3.145575e-09	-8.353271e-10	-1.675099e+01	-2.425935e+02
5.890000e-06	-3.232641e-09	-8.652920e-10	-1.721475e+01	-2.512664e+02
5.900000e-06	-3.319428e-09	-8.953503e-10	-1.767711e+01	-2.599589e+02
5.910000e-06	-3.405922e-09	-9.245900e-10	-1.813790e+01	-2.684542e+02
5.920000e-06	-3.492125e-09	-9.527782e-10	-1.859709e+01	-2.766830e+02
5.930000e-06	-3.578059e-09	-9.806351e-10	-1.905482e+01	-2.848168e+02
5.940000e-06	-3.663731e-09	-1.008483e-09	-1.951116e+01	-2.929205e+02
5.950000e-06	-3.749117e-09	-1.035704e-09	-1.996596e+01	-3.008188e+02
5.960000e-06	-3.834211e-09	-1.061942e-09	-2.041919e+01	-3.084486e+02
5.970000e-06	-3.919011e-09	-1.087595e-09	-2.087086e+01	-3.159392e+02
5.980000e-06	-4.003530e-09	-1.113316e-09	-2.132103e+01	-3.234296e+02
5.990000e-06	-4.087779e-09	-1.139479e-09	-2.176976e+01	-3.309884e+02
6.000000e-06	-4.171748e-09	-1.165393e-09	-2.221696e+01	-3.384798e+02
6.010000e-06	-4.255425e-09	-1.190038e-09	-2.266263e+01	-3.456607e+02
6.020000e-06	-4.338797e-09	-1.213692e-09	-2.310672e+01	-3.525643e+02
6.030000e-06	-4.421883e-09	-1.237334e-09	-2.354933e+01	-3.594205e+02
6.040000e-06	-4.504712e-09	-1.260980e-09	-2.399062e+01	-3.662602e+02
6.050000e-06	-4.587270e-09	-1.283931e-09	-2.443039e+01	-3.729203e+02
6.060000e-06	-4.669518e-09	-1.305864e-09	-2.486848e+01	-3.792970e+02
6.070000e-06	-4.751440e-09	-1.327044e-09	-2.530480e+01	-3.854625e+02
6.080000e-06	-4.833025e-09	-1.348203e-09	-2.573935e+01	-3.916290e+02
6.090000e-06	-4.914293e-09	-1.369782e-09	-2.617226e+01	-3.978891e+02
6.100000e-06	-4.995267e-09	-1.390795e-09	-2.660360e+01	-4.039769e+02
6.110000e-06	-5.075939e-09	-1.410349e-09	-2.703329e+01	-4.096794e+02
6.120000e-06	-5.156282e-09	-1.429378e-09	-2.746123e+01	-4.152226e+02
6.130000e-06	-5.236242e-09	-1.449009e-09	-2.788716e+01	-4.208988e+02
6.140000e-06	-5.315792e-09	-1.468989e-09	-2.831093e+01	-4.266704e+02
6.150000e-06	-5.394915e-09	-1.488240e-09	-2.873241e+01	-4.322591e+02
6.160000e-06	-5.473598e-09	-1.506268e-09	-2.915152e+01	-4.375236e+02
6.170000e-06	-5.551832e-09	-1.524036e-09	-2.956825e+01	-4.426941e+02
6.180000e-06	-5.629582e-09	-1.542467e-09	-2.998236e+01	-4.480129e+02
6.190000e-06	-5.706822e-09	-1.560934e-09	-3.039369e+01	-4.533451e+02
6.200000e-06	-5.783533e-09	-1.578428e-09	-3.080223e+01	-4.584357e+02
6.210000e-06	-5.859707e-09	-1.595140e-09	-3.120798e+01	-4.633076e+02
6.220000e-06	-5.935379e-09	-1.611945e-09	-3.161106e+01	-4.681781e+02
6.230000e-06	-6.010596e-09	-1.628976e-09	-3.201173e+01	-4.731033e+02
6.240000e-06	-6.085396e-09	-1.646141e-09	-3.241019e+01	-4.780616e+02
6.250000e-06	-6.159793e-09	-1.663167e-09	-3.280648e+01	-4.829884e+02
6.260000e-06	-6.233769e-09	-1.679582e-09	-3.320049e+01	-4.877568e+02
6.270000e-06	-6.307336e-09	-1.695577e-09	-3.359231e+01	-4.923998e+02
6.280000e-06	-6.380505e-09	-1.711332e-09	-3.398206e+01	-4.969569e+02
6.290000e-06	-6.453285e-09	-1.726434e-09	-3.436976e+01	-5.013205e+02
6.300000e-06	-6.525682e-09	-1.740692e-09	-3.475538e+01	-5.054633e+02
6.310000e-06	-6.597656e-09	-1.754591e-09	-3.513872e+01	-5.095275e+02
6.320000e-06	-6.669146e-09	-1.768787e-09	-3.551954e+01	-5.136684e+02
6.330000e-06	-6.740102e-09	-1.783838e-09	-3.589755e+01	-5.180254e+02
6.340000e-06	-6.810491e-09	-1.799506e-09	-3.627253e+01	-5.225432e+02
6.350000e-06	-6.880308e-09	-1.814408e-09	-3.664443e+01	-5.268576e+02
6.360000e-06	-6.949576e-09	-1.827996e-09	-3.701341e+01	-5.307912e+02
6.370000e-06	-7.018308e-09	-1.841082e-09	-3.737960e+01	-5.345479e+02
6.380000e-06	-7.086518e-09	-1.854209e-09	-3.774305e+01	-5.383226e+02
6.390000e-06	-7.154252e-09	-1.867026e-09	-3.810392e+01	-5.420519e+02
6.400000e-06	-7.221542e-09	-1.879091e-09	-3.846243e+01	-5.456010e+02
6.410000e-06	-7.288399e-09	-1.890855e-09	-3.881866e+01	-5.490672e+02
6.420000e-06	-7.354800e-09	-1.903029e-09	-3.917243e+01	-5.526221e+02
6.430000e-06	-7.420694e-09	-1.915717e-09	-3.952348e+01	-5.562775e+02
6.440000e-06	-7.486078e-09	-1.928414e-09	-3.987187e+01	-5.599081e+02
6.450000e-06	-7.550973e-09	-1.940358e-09	-4.021765e+01	-5.633417e+02
6.460000e-06	-7.615376e-09	-1.951336e-09	-4.056077e+01	-5.665260e+02
6.470000e-06	-7.679256e-09	-1.961768e-09	-4.090110e+01	-5.695598e+02
6.480000e-06	-7.742584e-09	-1.972166e-09	-4.123845e+01	-5.725849e+02
6.490000e-06	-7.805300e-09	-1.982787e-09	-4.157254e+01	-5.756796e+02
6.500000e-06	-7.867357e-09	-1.993351e-09	-4.190314e+01	-5.787564e+02
6.510000e-06	-7.928772e-09	-2.003722e-09	-4.223034e+01	-5.817679e+02
6.520000e-06	-7.989562e-09	-2.014133e-09	-4.255421e+01	-5.847785e+02
6.530000e-06	-8.049772e-09	-2.024284e-09	-4.287498e+01	-5.877052e+02
6.540000e-06	-8.109459e-09	-2.033799e-09	-4.319299e+01	-5.904655e+02
6.550000e-06	-8.168645e-09	-2.042653e-09	-4.350835e+01	-5.930662e+02
6.560000e-06	-8.227332e-09	-2.050872e-09	-4.382102e+01	-5.954903e+02
6.570000e-06	-8.285459e-09	-2.059198e-09	-4.413070e+01	-5.979245e+02
6.580000e-06	-8.342977e-09	-2.068286e-09	-4.443711e+01	-6.005529e+02
6.590000e-06	-8.399899e-09	-2.077584e-09	-4.474037e+01	-6.032302e+02
6.600000e-06	-8.456262e-09	-2.086295e-09	-4.504064e+01	-6.057477e+02
6.610000e-06	-8.512047e-09	-2.094407e-09	-4.533784e+01	-6.081115e+02
6.620000e-06	-8.567197e-09	-2.102550e-09	-4.563165e+01	-6.104770e+02
6.630000e-06	-8.621617e-09	-2.110853e-09	-4.592151e+01	-6.128749e+02
6.640000e-06	-8.675228e-09	-2.118782e-09	-4.620711e+01	-6.151757e+02
6.650000e-06	-8.728060e-09	-2.126133e-09	-4.648862e+01	-6.173164e+02
6.660000e-06	-8.780177e-09	-2.133383e-09	-4.676633e+01	-6.194199e+02
6.670000e-06	-8.831647e-09	-2.141113e-09	-4.704057e+01	-6.216469e+02
6.680000e-06	-8.882492e-09	-2.149205e-09	-4.731145e+01	-6.239688e+02
6.690000e-06	-8.932656e-09	-2.156733e-09	-4.757869e+01	-6.261410e+02
6.700000e-06	-8.982060e-09	-2.163181e-09	-4.784191e+01	-6.280326e+02
6.710000e-06	-9.030608e-09	-2.169205e-09	-4.810054e+01	-6.298184e+02
6.720000e-06	-9.078293e-09	-2.175647e-09	-4.835459e+01	-6.317154e+02
6.730000e-06	-9.125219e-09	-2.182663e-09	-4.860462e+01	-6.337579e+02
6.740000e-06	-9.171540e-09	-2.189795e-09	-4.885141e+01	-6.358082e+02
6.750000e-06	-9.217327e-09	-2.196398e-09	-4.909534e+01	-6.376978e+02
6.760000e-06	-9.262517e-09	-2.202660e-09	-4.933611e+01	-6.395006e+02
6.770000e-06	-9.307115e-09	-2.209296e-09	-4.957370e+01	-6.414192e+02
6.780000e-06	-9.351199e-09	-2.216046e-09	-4.980853e+01	-6.433809e+02
6.790000e-06	-9.394787e-09	-2.222209e-09	-5.004076e+01	-6.451893e+02
6.800000e-06	-9.437806e-09	-2.227721e-09	-5.027002e+01	-6.468129e+02
6.810000e-06	-9.480210e-09	-2.233018e-09	-5.049603e+01	-6.483774e+02
6.820000e-06	-9.522003e-09	-2.238600e-09	-5.071874e+01	-6.500190e+02
6.830000e-06	-9.563145e-09	-2.244674e-09	-5.093796e+01	-6.517685e+02
6.840000e-06	-9.603665e-09	-2.250756e-09	-5.115384e+01	-6.535028e+02
6.850000e-06	-9.643630e-09	-2.256102e-09	-5.136676e+01	-6.550500e+02
6.860000e-06	-9.682976e-09	-2.261077e-09	-5.157638e+01	-6.565087e+02
6.870000e-06	-9.721509e-09	-2.266449e-09	-5.178172e+01	-6.580743e+02
6.880000e-06	-9.759093e-09	-2.272007e-09	-5.198203e+01	-6.596886e+02
6.890000e-06	-9.795830e-09	-2.277265e-09	-5.217780e+01	-6.612229e+02
6.900000e-06	-9.831914e-09	-2.282033e-09	-5.237006e+01	-6.626181e+02
6.910000e-06	-9.867416e-09	-2.286556e-09	-5.255919e+01	-6.639323e+02
6.920000e-06	-9.902282e-09	-2.291395e-09	-5.274496e+01	-6.653291e+02
6.930000e-06	-9.936462e-09	-2.296628e-09	-5.292709e+01	-6.668305e+02
6.940000e-06	-9.969948e-09	-2.301454e-09	-5.310550e+01	-6.682198e+02
6.950000e-06	-1.000275e-08	-2.305544e-09	-5.328026e+01	-6.694137e+02
6.960000e-06	-1.003496e-08	-2.309797e-09	-5.345188e+01	-6.706593e+02
6.970000e-06	-1.006657e-08	-2.314627e-09	-5.362035e+01	-6.720607e+02
6.980000e-06	-1.009738e-08	-2.319463e-09	-5.378450e+01	-6.734552e+02
6.990000e-06	-1.012719e-08	-2.323884e-09	-5.394331e+01	-6.747349e+02
7.000000e-06	-1.015605e-08	-2.327816e-09	-5.409707e+01	-6.758728e+02
7.010000e-06	-1.018421e-08	-2.331489e-09	-5.424707e+01	-6.769355e+02
7.020000e-06	-1.021181e-08	-2.335274e-09	-5.439401e+01	-6.780286e+02
7.030000e-06	-1.023874e-08	-2.339174e-09	-5.453746e+01	-6.791558e+02
7.040000e-06	-1.026492e-08	-2.342893e-09	-5.467696e+01	-6.802377e+02
7.050000e-06	-1.029034e-08	-2.346324e-09	-5.481240e+01	-6.812471e+02
7.060000e-06	-1.031504e-08	-2.349925e-09	-5.494407e+01	-6.823020e+02
7.070000e-06	-1.033918e-08	-2.353833e-09	-5.507271e+01	-6.834279e+02
7.080000e-06	-1.036278e-08	-2.357093e-09	-5.519839e+01	-6.843848e+02
7.090000e-06	-1.038561e-08	-2.359352e-09	-5.531993e+01	-6.850708e+02
7.100000e-06	-1.040742e-08	-2.361523e-09	-5.543605e+01	-6.857092e+02
7.110000e-06	-1.042825e-08	-2.364242e-09	-5.554698e+01	-6.864789e+02
7.120000e-06	-1.044838e-08	-2.367505e-09	-5.565420e+01	-6.873955e+02
7.130000e-06	-1.046794e-08	-2.370821e-09	-5.575840e+01	-6.883469e+02
7.140000e-06	-1.048683e-08	-2.373332e-09	-5.585899e+01	-6.891053e+02
7.150000e-06	-1.050499e-08	-2.375056e-09	-5.595572e+01	-6.896501e+02
7.160000e-06	-1.052242e-08	-2.377073e-09	-5.604860e+01	-6.902507e+02
7.170000e-06	-1.053915e-08	-2.379298e-09	-5.613775e+01	-6.909021e+02
7.180000e-06	-1.055529e-08	-2.381016e-09	-5.622371e+01	-6.914140e+02
7.190000e-06	-1.057080e-08	-2.382577e-09	-5.630637e+01	-6.918565e+02
7.200000e-06	-1.058534e-08	-2.384432e-09	-5.638383e+01	-6.923571e+02
7.210000e-06	-1.059870e-08	-2.386610e-09	-5.645501e+01	-6.929523e+02
7.220000e-06	-1.061109e-08	-2.388684e-09	-5.652107e+01	-6.935604e+02
7.230000e-06	-1.062274e-08	-2.390108e-09	-5.658316e+01	-6.940339e+02
7.240000e-06	-1.063367e-08	-2.390936e-09	-5.664136e+01	-6.943402e+02
7.250000e-06	-1.064387e-08	-2.391982e-09	-5.669567e+01	-6.946725e+02
7.260000e-06	-1.065333e-08	-2.393567e-09	-5.674609e+01	-6.951305e+02
7.270000e-06	-1.066206e-08	-2.394991e-09	-5.679257e+01	-6.955269e+02
7.280000e-06	-1.067016e-08	-2.396078e-09	-5.683576e+01	-6.958165e+02
7.290000e-06	-1.067766e-08	-2.397168e-09	-5.687571e+01	-6.961090e+02
7.300000e-06	-1.068430e-08	-2.398358e-09	-5.691109e+01	-6.964400e+02
7.310000e-06	-1.068987e-08	-2.399484e-09	-5.694074e+01	-6.967627e+02
7.320000e-06	-1.069449e-08	-2.400292e-09	-5.696540e+01	-6.970184e+02
7.330000e-06	-1.069849e-08	-2.400454e-09	-5.698668e+01	-6.971156e+02
7.340000e-06	-1.070189e-08	-2.399981e-09	-5.700482e+01	-6.970311e+02
7.350000e-06	-1.070459e-08	-2.399872e-09	-5.701925e+01	-6.970186e+02
7.360000e-06	-1.070660e-08	-2.400502e-09	-5.703004e+01	-6.971790e+02
7.370000e-06	-1.070786e-08	-2.401516e-09	-5.703679e+01	-6.974333e+02
