# Temperatura_=_19.318518518518516
# Concentracion g/m^3_=_8100.0
# C_Vs_to_Am_M_A/Vsm_=_254322799225.57578
# pendiente_HvsI_1/m_=_3716.3
# ordenada_HvsI_A/m_=_1297.0
# frecuencia_Hz_=_135546.444597268
# Promedio de 27 ciclos

Tiempo_(s)	Campo_(V.s)	Magnetizacion_(V.s)	Campo_(kA/m)	Magnetizacion_(A/m)
0.000000e+00	-1.070236e-08	-2.367226e-09	-5.702524e+01	-6.871930e+02
1.000000e-08	-1.070240e-08	-2.367981e-09	-5.702553e+01	-6.874232e+02
2.000000e-08	-1.070190e-08	-2.368067e-09	-5.702300e+01	-6.874428e+02
3.000000e-08	-1.070057e-08	-2.367622e-09	-5.701613e+01	-6.873013e+02
4.000000e-08	-1.069822e-08	-2.367189e-09	-5.700386e+01	-6.871580e+02
5.000000e-08	-1.069496e-08	-2.367311e-09	-5.698667e+01	-6.871812e+02
6.000000e-08	-1.069105e-08	-2.367104e-09	-5.696597e+01	-6.871277e+02
7.000000e-08	-1.068660e-08	-2.366611e-09	-5.694239e+01	-6.869659e+02
8.000000e-08	-1.068150e-08	-2.368466e-09	-5.691534e+01	-6.874405e+02
9.000000e-08	-1.067559e-08	-2.371346e-09	-5.688407e+01	-6.883649e+02
1.000000e-07	-1.066871e-08	-2.362093e-09	-5.684760e+01	-6.860117e+02
1.100000e-07	-1.066063e-08	-2.340048e-09	-5.680484e+01	-6.796832e+02
1.200000e-07	-1.065123e-08	-2.336002e-09	-5.675499e+01	-6.779404e+02
1.300000e-07	-1.064079e-08	-2.369166e-09	-5.669942e+01	-6.870124e+02
1.400000e-07	-1.062996e-08	-2.402356e-09	-5.664176e+01	-6.971854e+02
1.500000e-07	-1.061875e-08	-2.370902e-09	-5.658223e+01	-6.891367e+02
1.600000e-07	-1.060661e-08	-2.316448e-09	-5.651772e+01	-6.726809e+02
1.700000e-07	-1.059353e-08	-2.348657e-09	-5.644811e+01	-6.806112e+02
1.800000e-07	-1.057991e-08	-2.397073e-09	-5.637556e+01	-6.957787e+02
1.900000e-07	-1.056542e-08	-2.347682e-09	-5.629859e+01	-6.829587e+02
2.000000e-07	-1.054973e-08	-2.311306e-09	-5.621509e+01	-6.711453e+02
2.100000e-07	-1.053321e-08	-2.367492e-09	-5.612703e+01	-6.866301e+02
2.200000e-07	-1.051615e-08	-2.377634e-09	-5.603618e+01	-6.909968e+02
2.300000e-07	-1.049829e-08	-2.321298e-09	-5.594121e+01	-6.743864e+02
2.400000e-07	-1.047965e-08	-2.344234e-09	-5.584199e+01	-6.793761e+02
2.500000e-07	-1.046050e-08	-2.387877e-09	-5.574004e+01	-6.929856e+02
2.600000e-07	-1.044073e-08	-2.340588e-09	-5.563485e+01	-6.804355e+02
2.700000e-07	-1.042019e-08	-2.322817e-09	-5.552550e+01	-6.740393e+02
2.800000e-07	-1.039899e-08	-2.373647e-09	-5.541262e+01	-6.888745e+02
2.900000e-07	-1.037708e-08	-2.355182e-09	-5.529608e+01	-6.850394e+02
3.000000e-07	-1.035430e-08	-2.314678e-09	-5.517488e+01	-6.724027e+02
3.100000e-07	-1.033085e-08	-2.357083e-09	-5.505000e+01	-6.836754e+02
3.200000e-07	-1.030691e-08	-2.367669e-09	-5.492252e+01	-6.879692e+02
3.300000e-07	-1.028227e-08	-2.318828e-09	-5.479136e+01	-6.735568e+02
3.400000e-07	-1.025678e-08	-2.341599e-09	-5.465559e+01	-6.786802e+02
3.500000e-07	-1.023043e-08	-2.376874e-09	-5.451533e+01	-6.898334e+02
3.600000e-07	-1.020322e-08	-2.334144e-09	-5.437044e+01	-6.781892e+02
3.700000e-07	-1.017525e-08	-2.328434e-09	-5.422152e+01	-6.753986e+02
3.800000e-07	-1.014668e-08	-2.365339e-09	-5.406937e+01	-6.865626e+02
3.900000e-07	-1.011742e-08	-2.335137e-09	-5.391360e+01	-6.788047e+02
4.000000e-07	-1.008740e-08	-2.314038e-09	-5.375382e+01	-6.718105e+02
4.100000e-07	-1.005667e-08	-2.342506e-09	-5.359021e+01	-6.800808e+02
4.200000e-07	-1.002525e-08	-2.324740e-09	-5.342293e+01	-6.756800e+02
4.300000e-07	-9.993235e-09	-2.309732e-09	-5.325241e+01	-6.705378e+02
4.400000e-07	-9.960611e-09	-2.339361e-09	-5.307873e+01	-6.790867e+02
4.500000e-07	-9.927181e-09	-2.326180e-09	-5.290084e+01	-6.761488e+02
4.600000e-07	-9.892789e-09	-2.297320e-09	-5.271778e+01	-6.672558e+02
4.700000e-07	-9.857501e-09	-2.308826e-09	-5.252985e+01	-6.702915e+02
4.800000e-07	-9.821550e-09	-2.306343e-09	-5.233836e+01	-6.701358e+02
4.900000e-07	-9.785052e-09	-2.293524e-09	-5.214396e+01	-6.661233e+02
5.000000e-07	-9.747946e-09	-2.301351e-09	-5.194634e+01	-6.682391e+02
5.100000e-07	-9.710121e-09	-2.293828e-09	-5.174491e+01	-6.664921e+02
5.200000e-07	-9.671562e-09	-2.281681e-09	-5.153957e+01	-6.626300e+02
5.300000e-07	-9.632348e-09	-2.289708e-09	-5.133073e+01	-6.647666e+02
5.400000e-07	-9.592553e-09	-2.282746e-09	-5.111875e+01	-6.632648e+02
5.500000e-07	-9.552147e-09	-2.264356e-09	-5.090354e+01	-6.578085e+02
5.600000e-07	-9.510998e-09	-2.265000e-09	-5.068442e+01	-6.576655e+02
5.700000e-07	-9.468921e-09	-2.265742e-09	-5.046037e+01	-6.581491e+02
5.800000e-07	-9.425894e-09	-2.258372e-09	-5.023124e+01	-6.560253e+02
5.900000e-07	-9.382121e-09	-2.256594e-09	-4.999810e+01	-6.553063e+02
6.000000e-07	-9.337793e-09	-2.250495e-09	-4.976198e+01	-6.537032e+02
6.100000e-07	-9.292932e-09	-2.238336e-09	-4.952302e+01	-6.502122e+02
6.200000e-07	-9.247452e-09	-2.233311e-09	-4.928075e+01	-6.485952e+02
6.300000e-07	-9.201322e-09	-2.230475e-09	-4.903502e+01	-6.478458e+02
6.400000e-07	-9.154546e-09	-2.225330e-09	-4.878587e+01	-6.464115e+02
6.500000e-07	-9.107134e-09	-2.220737e-09	-4.853334e+01	-6.450146e+02
6.600000e-07	-9.059069e-09	-2.213800e-09	-4.827737e+01	-6.430203e+02
6.700000e-07	-9.010246e-09	-2.206346e-09	-4.801735e+01	-6.408591e+02
6.800000e-07	-8.960547e-09	-2.201368e-09	-4.775269e+01	-6.394003e+02
6.900000e-07	-8.909936e-09	-2.193607e-09	-4.748315e+01	-6.371961e+02
7.000000e-07	-8.858438e-09	-2.184796e-09	-4.720884e+01	-6.346211e+02
7.100000e-07	-8.806171e-09	-2.179409e-09	-4.693043e+01	-6.330263e+02
7.200000e-07	-8.753263e-09	-2.173859e-09	-4.664858e+01	-6.314398e+02
7.300000e-07	-8.699741e-09	-2.167491e-09	-4.636346e+01	-6.295664e+02
7.400000e-07	-8.645630e-09	-2.162040e-09	-4.607519e+01	-6.279794e+02
7.500000e-07	-8.590980e-09	-2.152887e-09	-4.578404e+01	-6.253978e+02
7.600000e-07	-8.535818e-09	-2.141635e-09	-4.549015e+01	-6.221233e+02
7.700000e-07	-8.480114e-09	-2.135556e-09	-4.519338e+01	-6.202840e+02
7.800000e-07	-8.423834e-09	-2.131813e-09	-4.489356e+01	-6.192139e+02
7.900000e-07	-8.366931e-09	-2.124644e-09	-4.459042e+01	-6.171616e+02
8.000000e-07	-8.309351e-09	-2.115967e-09	-4.428367e+01	-6.146019e+02
8.100000e-07	-8.251061e-09	-2.107850e-09	-4.397314e+01	-6.122424e+02
8.200000e-07	-8.192012e-09	-2.098981e-09	-4.365858e+01	-6.097133e+02
8.300000e-07	-8.132269e-09	-2.090113e-09	-4.334038e+01	-6.071510e+02
8.400000e-07	-8.071959e-09	-2.081754e-09	-4.301911e+01	-6.047458e+02
8.500000e-07	-8.011155e-09	-2.072371e-09	-4.269516e+01	-6.020691e+02
8.600000e-07	-7.949868e-09	-2.063211e-09	-4.236871e+01	-5.993959e+02
8.700000e-07	-7.888079e-09	-2.056790e-09	-4.203969e+01	-5.974742e+02
8.800000e-07	-7.825789e-09	-2.050336e-09	-4.170801e+01	-5.955998e+02
8.900000e-07	-7.763020e-09	-2.040420e-09	-4.137367e+01	-5.927358e+02
9.000000e-07	-7.699766e-09	-2.028624e-09	-4.103671e+01	-5.892883e+02
9.100000e-07	-7.635961e-09	-2.017981e-09	-4.069679e+01	-5.861937e+02
9.200000e-07	-7.571563e-09	-2.008521e-09	-4.035371e+01	-5.834732e+02
9.300000e-07	-7.506606e-09	-1.999625e-09	-4.000768e+01	-5.809119e+02
9.400000e-07	-7.441081e-09	-1.990406e-09	-3.965869e+01	-5.782653e+02
9.500000e-07	-7.374956e-09	-1.980089e-09	-3.930651e+01	-5.752962e+02
9.600000e-07	-7.308217e-09	-1.969721e-09	-3.895107e+01	-5.722738e+02
9.700000e-07	-7.240883e-09	-1.960612e-09	-3.859248e+01	-5.695975e+02
9.800000e-07	-7.173014e-09	-1.951469e-09	-3.823105e+01	-5.669184e+02
9.900000e-07	-7.104670e-09	-1.940612e-09	-3.786705e+01	-5.637541e+02
1.000000e-06	-7.035905e-09	-1.928860e-09	-3.750073e+01	-5.603443e+02
1.010000e-06	-6.966709e-09	-1.917583e-09	-3.713211e+01	-5.570866e+02
1.020000e-06	-6.897049e-09	-1.906546e-09	-3.676105e+01	-5.539125e+02
1.030000e-06	-6.826950e-09	-1.895204e-09	-3.638765e+01	-5.506509e+02
1.040000e-06	-6.756436e-09	-1.883166e-09	-3.601199e+01	-5.471693e+02
1.050000e-06	-6.685480e-09	-1.870627e-09	-3.563396e+01	-5.435114e+02
1.060000e-06	-6.614029e-09	-1.859152e-09	-3.525330e+01	-5.401427e+02
1.070000e-06	-6.542059e-09	-1.849072e-09	-3.486995e+01	-5.371944e+02
1.080000e-06	-6.469573e-09	-1.838372e-09	-3.448388e+01	-5.340972e+02
1.090000e-06	-6.396570e-09	-1.825438e-09	-3.409501e+01	-5.303763e+02
1.100000e-06	-6.323029e-09	-1.810857e-09	-3.370321e+01	-5.261815e+02
1.110000e-06	-6.248939e-09	-1.796498e-09	-3.330853e+01	-5.220366e+02
1.120000e-06	-6.174299e-09	-1.783642e-09	-3.291099e+01	-5.183005e+02
1.130000e-06	-6.099112e-09	-1.771624e-09	-3.251052e+01	-5.147998e+02
1.140000e-06	-6.023433e-09	-1.759082e-09	-3.210737e+01	-5.111526e+02
1.150000e-06	-5.947304e-09	-1.745876e-09	-3.170182e+01	-5.073102e+02
1.160000e-06	-5.870741e-09	-1.732687e-09	-3.129401e+01	-5.034701e+02
1.170000e-06	-5.793779e-09	-1.719459e-09	-3.088409e+01	-4.996327e+02
1.180000e-06	-5.716405e-09	-1.705357e-09	-3.047196e+01	-4.955638e+02
1.190000e-06	-5.638580e-09	-1.689356e-09	-3.005740e+01	-4.909430e+02
1.200000e-06	-5.560267e-09	-1.672703e-09	-2.964021e+01	-4.861144e+02
1.210000e-06	-5.481428e-09	-1.657954e-09	-2.922025e+01	-4.818199e+02
1.220000e-06	-5.402112e-09	-1.644691e-09	-2.879774e+01	-4.779636e+02
1.230000e-06	-5.322351e-09	-1.630459e-09	-2.837281e+01	-4.738394e+02
1.240000e-06	-5.242109e-09	-1.614793e-09	-2.794530e+01	-4.692997e+02
1.250000e-06	-5.161421e-09	-1.598186e-09	-2.751546e+01	-4.644887e+02
1.260000e-06	-5.080349e-09	-1.581435e-09	-2.708357e+01	-4.596197e+02
1.270000e-06	-4.998906e-09	-1.565849e-09	-2.664972e+01	-4.550813e+02
1.280000e-06	-4.917139e-09	-1.550288e-09	-2.621411e+01	-4.505782e+02
1.290000e-06	-4.835084e-09	-1.533190e-09	-2.577696e+01	-4.456309e+02
1.300000e-06	-4.752754e-09	-1.515979e-09	-2.533834e+01	-4.406213e+02
1.310000e-06	-4.670167e-09	-1.499589e-09	-2.489836e+01	-4.358509e+02
1.320000e-06	-4.587328e-09	-1.482632e-09	-2.445702e+01	-4.309486e+02
1.330000e-06	-4.504219e-09	-1.464509e-09	-2.401428e+01	-4.257054e+02
1.340000e-06	-4.420831e-09	-1.446014e-09	-2.357007e+01	-4.203259e+02
1.350000e-06	-4.337144e-09	-1.427570e-09	-2.312425e+01	-4.149559e+02
1.360000e-06	-4.253135e-09	-1.409593e-09	-2.267670e+01	-4.097282e+02
1.370000e-06	-4.168830e-09	-1.391942e-09	-2.222755e+01	-4.046147e+02
1.380000e-06	-4.084266e-09	-1.373184e-09	-2.177702e+01	-3.991947e+02
1.390000e-06	-3.999459e-09	-1.352860e-09	-2.132518e+01	-3.933133e+02
1.400000e-06	-3.914434e-09	-1.332332e-09	-2.087215e+01	-3.873535e+02
1.410000e-06	-3.829188e-09	-1.312323e-09	-2.041795e+01	-3.815478e+02
1.420000e-06	-3.743713e-09	-1.292279e-09	-1.996255e+01	-3.757554e+02
1.430000e-06	-3.658027e-09	-1.272072e-09	-1.950603e+01	-3.699125e+02
1.440000e-06	-3.572133e-09	-1.251429e-09	-1.904843e+01	-3.639236e+02
1.450000e-06	-3.486003e-09	-1.230109e-09	-1.858960e+01	-3.577277e+02
1.460000e-06	-3.399633e-09	-1.208726e-09	-1.812946e+01	-3.515174e+02
1.470000e-06	-3.313055e-09	-1.187289e-09	-1.766822e+01	-3.453178e+02
1.480000e-06	-3.226267e-09	-1.164908e-09	-1.720589e+01	-3.388517e+02
1.490000e-06	-3.139258e-09	-1.141996e-09	-1.674236e+01	-3.322039e+02
1.500000e-06	-3.052020e-09	-1.119700e-09	-1.627765e+01	-3.257253e+02
1.510000e-06	-2.964554e-09	-1.097897e-09	-1.581175e+01	-3.194093e+02
1.520000e-06	-2.876865e-09	-1.075633e-09	-1.534465e+01	-3.129696e+02
1.530000e-06	-2.788964e-09	-1.052688e-09	-1.487642e+01	-3.063222e+02
1.540000e-06	-2.700877e-09	-1.029294e-09	-1.440718e+01	-2.995166e+02
1.550000e-06	-2.612612e-09	-1.005530e-09	-1.393701e+01	-2.925992e+02
1.560000e-06	-2.524155e-09	-9.817462e-10	-1.346579e+01	-2.857004e+02
1.570000e-06	-2.435506e-09	-9.580941e-10	-1.299353e+01	-2.788457e+02
1.580000e-06	-2.346686e-09	-9.341114e-10	-1.252036e+01	-2.718926e+02
1.590000e-06	-2.257720e-09	-9.097582e-10	-1.204634e+01	-2.648248e+02
1.600000e-06	-2.168590e-09	-8.854174e-10	-1.157138e+01	-2.577532e+02
1.610000e-06	-2.079284e-09	-8.609540e-10	-1.109549e+01	-2.506517e+02
1.620000e-06	-1.989822e-09	-8.359166e-10	-1.061882e+01	-2.434016e+02
1.630000e-06	-1.900211e-09	-8.101575e-10	-1.014134e+01	-2.359271e+02
1.640000e-06	-1.810444e-09	-7.841509e-10	-9.663058e+00	-2.283456e+02
1.650000e-06	-1.720521e-09	-7.584457e-10	-9.183982e+00	-2.208610e+02
1.660000e-06	-1.630462e-09	-7.331874e-10	-8.704176e+00	-2.135307e+02
1.670000e-06	-1.540292e-09	-7.078729e-10	-8.223744e+00	-2.061987e+02
1.680000e-06	-1.450028e-09	-6.817834e-10	-7.742802e+00	-1.986404e+02
1.690000e-06	-1.359693e-09	-6.549476e-10	-7.261529e+00	-1.908386e+02
1.700000e-06	-1.269291e-09	-6.280112e-10	-6.779912e+00	-1.830001e+02
1.710000e-06	-1.178809e-09	-6.011610e-10	-6.297835e+00	-1.751992e+02
1.720000e-06	-1.088249e-09	-5.740887e-10	-5.815316e+00	-1.673341e+02
1.730000e-06	-9.976080e-10	-5.468884e-10	-5.332357e+00	-1.594134e+02
1.740000e-06	-9.068717e-10	-5.199701e-10	-4.848931e+00	-1.515631e+02
1.750000e-06	-8.160391e-10	-4.935327e-10	-4.365049e+00	-1.438638e+02
1.760000e-06	-7.251057e-10	-4.671554e-10	-3.880649e+00	-1.362106e+02
1.770000e-06	-6.340780e-10	-4.400368e-10	-3.395672e+00	-1.283601e+02
1.780000e-06	-5.429710e-10	-4.118067e-10	-2.910261e+00	-1.201587e+02
1.790000e-06	-4.518102e-10	-3.833920e-10	-2.424602e+00	-1.118728e+02
1.800000e-06	-3.605998e-10	-3.559966e-10	-1.938716e+00	-1.038899e+02
1.810000e-06	-2.693544e-10	-3.288575e-10	-1.452630e+00	-9.600361e+01
1.820000e-06	-1.780991e-10	-3.011296e-10	-9.664836e-01	-8.796194e+01
1.830000e-06	-8.686225e-11	-2.732702e-10	-4.804533e-01	-7.985984e+01
1.840000e-06	4.319294e-12	-2.457610e-10	5.323879e-03	-7.183040e+01
1.850000e-06	9.545487e-11	-2.186431e-10	4.908651e-01	-6.392226e+01
1.860000e-06	1.865609e-10	-1.913499e-10	9.761964e-01	-5.598324e+01
1.870000e-06	2.776525e-10	-1.636057e-10	1.461416e+00	-4.791765e+01
1.880000e-06	3.687511e-10	-1.355654e-10	1.946676e+00	-3.975072e+01
1.890000e-06	4.598417e-10	-1.072706e-10	2.431969e+00	-3.150923e+01
1.900000e-06	5.508989e-10	-7.882139e-11	2.917137e+00	-2.324510e+01
1.910000e-06	6.419363e-10	-5.030547e-11	3.402180e+00	-1.497762e+01
1.920000e-06	7.329467e-10	-2.168818e-11	3.887089e+00	-6.666516e+00
1.930000e-06	8.239134e-10	6.916885e-12	4.371742e+00	1.671242e+00
1.940000e-06	9.148031e-10	3.527478e-11	4.855989e+00	9.964424e+00
1.950000e-06	1.005585e-09	6.367040e-11	5.339724e+00	1.825676e+01
1.960000e-06	1.096267e-09	9.246742e-11	5.822892e+00	2.661904e+01
1.970000e-06	1.186828e-09	1.219457e-10	6.305391e+00	3.517098e+01
1.980000e-06	1.277248e-09	1.522648e-10	6.787206e+00	4.399101e+01
1.990000e-06	1.367543e-09	1.831402e-10	7.268375e+00	5.298093e+01
2.000000e-06	1.457732e-09	2.141670e-10	7.748965e+00	6.200188e+01
2.010000e-06	1.547820e-09	2.450098e-10	8.229041e+00	7.096247e+01
2.020000e-06	1.637810e-09	2.757895e-10	8.708592e+00	7.992647e+01
2.030000e-06	1.727704e-09	3.066437e-10	9.187623e+00	8.894171e+01
2.040000e-06	1.817496e-09	3.376123e-10	9.666137e+00	9.798898e+01
2.050000e-06	1.907156e-09	3.691216e-10	1.014399e+01	1.071587e+02
2.060000e-06	1.996692e-09	4.012588e-10	1.062120e+01	1.164864e+02
2.070000e-06	2.086108e-09	4.338463e-10	1.109774e+01	1.259346e+02
2.080000e-06	2.175360e-09	4.668167e-10	1.157340e+01	1.355107e+02
2.090000e-06	2.264429e-09	4.993113e-10	1.204802e+01	1.449794e+02
2.100000e-06	2.353312e-09	5.305614e-10	1.252163e+01	1.540897e+02
2.110000e-06	2.441988e-09	5.611756e-10	1.299419e+01	1.630060e+02
2.120000e-06	2.530435e-09	5.921015e-10	1.346554e+01	1.720074e+02
2.130000e-06	2.618660e-09	6.235567e-10	1.393571e+01	1.811719e+02
2.140000e-06	2.706667e-09	6.551578e-10	1.440467e+01	1.903683e+02
2.150000e-06	2.794465e-09	6.865279e-10	1.487246e+01	1.994738e+02
2.160000e-06	2.882082e-09	7.175503e-10	1.533925e+01	2.084808e+02
2.170000e-06	2.969513e-09	7.480273e-10	1.580505e+01	2.173438e+02
2.180000e-06	3.056756e-09	7.778896e-10	1.626988e+01	2.260403e+02
2.190000e-06	3.143826e-09	8.067938e-10	1.673379e+01	2.344666e+02
2.200000e-06	3.230714e-09	8.346834e-10	1.719677e+01	2.425870e+02
2.210000e-06	3.317402e-09	8.625521e-10	1.765874e+01	2.506791e+02
2.220000e-06	3.403847e-09	8.909197e-10	1.811940e+01	2.589142e+02
2.230000e-06	3.490027e-09	9.195788e-10	1.857865e+01	2.672416e+02
2.240000e-06	3.575965e-09	9.479632e-10	1.903663e+01	2.754820e+02
2.250000e-06	3.661658e-09	9.753136e-10	1.949328e+01	2.834265e+02
2.260000e-06	3.747085e-09	1.001436e-09	1.994850e+01	2.910241e+02
2.270000e-06	3.832256e-09	1.026739e-09	2.040235e+01	2.983813e+02
2.280000e-06	3.917198e-09	1.051895e-09	2.085501e+01	3.056973e+02
2.290000e-06	4.001923e-09	1.076998e-09	2.130654e+01	3.129814e+02
2.300000e-06	4.086437e-09	1.101642e-09	2.175691e+01	3.201282e+02
2.310000e-06	4.170730e-09	1.126035e-09	2.220607e+01	3.272067e+02
2.320000e-06	4.254769e-09	1.150687e-09	2.265386e+01	3.343571e+02
2.330000e-06	4.338517e-09	1.175612e-09	2.310007e+01	3.416037e+02
2.340000e-06	4.421959e-09	1.199552e-09	2.354467e+01	3.485764e+02
2.350000e-06	4.505087e-09	1.222025e-09	2.398762e+01	3.551214e+02
2.360000e-06	4.587901e-09	1.244123e-09	2.442891e+01	3.615403e+02
2.370000e-06	4.670414e-09	1.266175e-09	2.486861e+01	3.679319e+02
2.380000e-06	4.752604e-09	1.287996e-09	2.530662e+01	3.742500e+02
2.390000e-06	4.834453e-09	1.309806e-09	2.574286e+01	3.805541e+02
2.400000e-06	4.915956e-09	1.331432e-09	2.617719e+01	3.868145e+02
2.410000e-06	4.997109e-09	1.352490e-09	2.660959e+01	3.929303e+02
2.420000e-06	5.077881e-09	1.373220e-09	2.704001e+01	3.989561e+02
2.430000e-06	5.158260e-09	1.393733e-09	2.746833e+01	4.049293e+02
2.440000e-06	5.238262e-09	1.413683e-09	2.789457e+01	4.107478e+02
2.450000e-06	5.317883e-09	1.433053e-09	2.831888e+01	4.163757e+02
2.460000e-06	5.397119e-09	1.452258e-09	2.874122e+01	4.219237e+02
2.470000e-06	5.475962e-09	1.471491e-09	2.916144e+01	4.274802e+02
2.480000e-06	5.554386e-09	1.490527e-09	2.957936e+01	4.329870e+02
2.490000e-06	5.632354e-09	1.509100e-09	2.999483e+01	4.383638e+02
2.500000e-06	5.709873e-09	1.527206e-09	3.040790e+01	4.436230e+02
2.510000e-06	5.786976e-09	1.544966e-09	3.081876e+01	4.487789e+02
2.520000e-06	5.863672e-09	1.562497e-09	3.122749e+01	4.538728e+02
2.530000e-06	5.939927e-09	1.579543e-09	3.163388e+01	4.588468e+02
2.540000e-06	6.015683e-09	1.595743e-09	3.203760e+01	4.635601e+02
2.550000e-06	6.090906e-09	1.611527e-09	3.243851e+01	4.681289e+02
2.560000e-06	6.165583e-09	1.627454e-09	3.283649e+01	4.727375e+02
2.570000e-06	6.239720e-09	1.643409e-09	3.323157e+01	4.773485e+02
2.580000e-06	6.313349e-09	1.659469e-09	3.362398e+01	4.819903e+02
2.590000e-06	6.386495e-09	1.675171e-09	3.401379e+01	4.865462e+02
2.600000e-06	6.459140e-09	1.689864e-09	3.440092e+01	4.908208e+02
2.610000e-06	6.531290e-09	1.703833e-09	3.478539e+01	4.948847e+02
2.620000e-06	6.602974e-09	1.717381e-09	3.516736e+01	4.988265e+02
2.630000e-06	6.674197e-09	1.730777e-09	3.554690e+01	5.027242e+02
2.640000e-06	6.744978e-09	1.744328e-09	3.592412e+01	5.066503e+02
2.650000e-06	6.815276e-09	1.758060e-09	3.629881e+01	5.106123e+02
2.660000e-06	6.885052e-09	1.771763e-09	3.667071e+01	5.145637e+02
2.670000e-06	6.954344e-09	1.785249e-09	3.704000e+01	5.184709e+02
2.680000e-06	7.023200e-09	1.798261e-09	3.740697e+01	5.222593e+02
2.690000e-06	7.091630e-09	1.810498e-09	3.777167e+01	5.258288e+02
2.700000e-06	7.159604e-09	1.822240e-09	3.813391e+01	5.292491e+02
2.710000e-06	7.227081e-09	1.833915e-09	3.849349e+01	5.326249e+02
2.720000e-06	7.293997e-09	1.845695e-09	3.885014e+01	5.360228e+02
2.730000e-06	7.360329e-09	1.857633e-09	3.920371e+01	5.394770e+02
2.740000e-06	7.426062e-09	1.869368e-09	3.955409e+01	5.428750e+02
2.750000e-06	7.491189e-09	1.880712e-09	3.990121e+01	5.461491e+02
2.760000e-06	7.555739e-09	1.891846e-09	4.024519e+01	5.493643e+02
2.770000e-06	7.619731e-09	1.902888e-09	4.058617e+01	5.525737e+02
2.780000e-06	7.683204e-09	1.913739e-09	4.092440e+01	5.557385e+02
2.790000e-06	7.746190e-09	1.924274e-09	4.126006e+01	5.588016e+02
2.800000e-06	7.808680e-09	1.934548e-09	4.159306e+01	5.617698e+02
2.810000e-06	7.870642e-09	1.944912e-09	4.192327e+01	5.647561e+02
2.820000e-06	7.932094e-09	1.955363e-09	4.225073e+01	5.677885e+02
2.830000e-06	7.993081e-09	1.965355e-09	4.257572e+01	5.707059e+02
2.840000e-06	8.053609e-09	1.974823e-09	4.289831e+01	5.734606e+02
2.850000e-06	8.113658e-09	1.984449e-09	4.321833e+01	5.762436e+02
2.860000e-06	8.173168e-09	1.994604e-09	4.353545e+01	5.791723e+02
2.870000e-06	8.232033e-09	2.004678e-09	4.384917e+01	5.820963e+02
2.880000e-06	8.290178e-09	2.013981e-09	4.415909e+01	5.848093e+02
2.890000e-06	8.347567e-09	2.022887e-09	4.446494e+01	5.873898e+02
2.900000e-06	8.404250e-09	2.031903e-09	4.476695e+01	5.899854e+02
2.910000e-06	8.460317e-09	2.040882e-09	4.506572e+01	5.925759e+02
2.920000e-06	8.515816e-09	2.049979e-09	4.536150e+01	5.952197e+02
2.930000e-06	8.570758e-09	2.058905e-09	4.565435e+01	5.978176e+02
2.940000e-06	8.625130e-09	2.067221e-09	4.594417e+01	6.002255e+02
2.950000e-06	8.678892e-09	2.075596e-09	4.623078e+01	6.026374e+02
2.960000e-06	8.732037e-09	2.084184e-09	4.651410e+01	6.051219e+02
2.970000e-06	8.784562e-09	2.092384e-09	4.679409e+01	6.075154e+02
2.980000e-06	8.836411e-09	2.100152e-09	4.707051e+01	6.097823e+02
2.990000e-06	8.887479e-09	2.107616e-09	4.734281e+01	6.119420e+02
3.000000e-06	8.937663e-09	2.115157e-09	4.761045e+01	6.141106e+02
3.010000e-06	8.986981e-09	2.123154e-09	4.787349e+01	6.164162e+02
3.020000e-06	9.035559e-09	2.131241e-09	4.813251e+01	6.187732e+02
3.030000e-06	9.083509e-09	2.138786e-09	4.838814e+01	6.209917e+02
3.040000e-06	9.130866e-09	2.145967e-09	4.864062e+01	6.230814e+02
3.050000e-06	9.177597e-09	2.153156e-09	4.888976e+01	6.251521e+02
3.060000e-06	9.223658e-09	2.160239e-09	4.913535e+01	6.272043e+02
3.070000e-06	9.269053e-09	2.167148e-09	4.937739e+01	6.292134e+02
3.080000e-06	9.313843e-09	2.173894e-09	4.961618e+01	6.311680e+02
3.090000e-06	9.358108e-09	2.180405e-09	4.985215e+01	6.330424e+02
3.100000e-06	9.401876e-09	2.186717e-09	5.008550e+01	6.348698e+02
3.110000e-06	9.445035e-09	2.193289e-09	5.031570e+01	6.367922e+02
3.120000e-06	9.487386e-09	2.200029e-09	5.054167e+01	6.387649e+02
3.130000e-06	9.528825e-09	2.206253e-09	5.076275e+01	6.405778e+02
3.140000e-06	9.569462e-09	2.212037e-09	5.097944e+01	6.422396e+02
3.150000e-06	9.609461e-09	2.217834e-09	5.119270e+01	6.438983e+02
3.160000e-06	9.648865e-09	2.223754e-09	5.140281e+01	6.456052e+02
3.170000e-06	9.687638e-09	2.229534e-09	5.160957e+01	6.473043e+02
3.180000e-06	9.725718e-09	2.234904e-09	5.181264e+01	6.488934e+02
3.190000e-06	9.763080e-09	2.240112e-09	5.201190e+01	6.503999e+02
3.200000e-06	9.799793e-09	2.245454e-09	5.220766e+01	6.519287e+02
3.210000e-06	9.835961e-09	2.250806e-09	5.240049e+01	6.534734e+02
3.220000e-06	9.871585e-09	2.256023e-09	5.259044e+01	6.549940e+02
3.230000e-06	9.906490e-09	2.261065e-09	5.277664e+01	6.564451e+02
3.240000e-06	9.940467e-09	2.265875e-09	5.295792e+01	6.578180e+02
3.250000e-06	9.973510e-09	2.270427e-09	5.313414e+01	6.591424e+02
3.260000e-06	1.000582e-08	2.274853e-09	5.330639e+01	6.604488e+02
3.270000e-06	1.003755e-08	2.279419e-09	5.347549e+01	6.617979e+02
3.280000e-06	1.006864e-08	2.283940e-09	5.364131e+01	6.631007e+02
3.290000e-06	1.009906e-08	2.288094e-09	5.380351e+01	6.642677e+02
3.300000e-06	1.012878e-08	2.292190e-09	5.396195e+01	6.654273e+02
3.310000e-06	1.015778e-08	2.296468e-09	5.411657e+01	6.666825e+02
3.320000e-06	1.018616e-08	2.300416e-09	5.426787e+01	6.678712e+02
3.330000e-06	1.021400e-08	2.303872e-09	5.441636e+01	6.688930e+02
3.340000e-06	1.024116e-08	2.307144e-09	5.456127e+01	6.698394e+02
3.350000e-06	1.026736e-08	2.310236e-09	5.470111e+01	6.707363e+02
3.360000e-06	1.029253e-08	2.313390e-09	5.483538e+01	6.716629e+02
3.370000e-06	1.031686e-08	2.316782e-09	5.496515e+01	6.726613e+02
3.380000e-06	1.034054e-08	2.320045e-09	5.509141e+01	6.735929e+02
3.390000e-06	1.036354e-08	2.323097e-09	5.521408e+01	6.744436e+02
3.400000e-06	1.038584e-08	2.325936e-09	5.533305e+01	6.752562e+02
3.410000e-06	1.040745e-08	2.328464e-09	5.544837e+01	6.760084e+02
3.420000e-06	1.042836e-08	2.330859e-09	5.556001e+01	6.767255e+02
3.430000e-06	1.044868e-08	2.333280e-09	5.566842e+01	6.774316e+02
3.440000e-06	1.046846e-08	2.335667e-09	5.577396e+01	6.781326e+02
3.450000e-06	1.048757e-08	2.337949e-09	5.587602e+01	6.788012e+02
3.460000e-06	1.050583e-08	2.340288e-09	5.597355e+01	6.794739e+02
3.470000e-06	1.052330e-08	2.342552e-09	5.606671e+01	6.801202e+02
3.480000e-06	1.054008e-08	2.344407e-09	5.615621e+01	6.806341e+02
3.490000e-06	1.055606e-08	2.345907e-09	5.624156e+01	6.810454e+02
3.500000e-06	1.057112e-08	2.347418e-09	5.632208e+01	6.814892e+02
3.510000e-06	1.058534e-08	2.349050e-09	5.639806e+01	6.820036e+02
3.520000e-06	1.059881e-08	2.350597e-09	5.647002e+01	6.824913e+02
3.530000e-06	1.061152e-08	2.352041e-09	5.653796e+01	6.829219e+02
3.540000e-06	1.062351e-08	2.353319e-09	5.660203e+01	6.832880e+02
3.550000e-06	1.063468e-08	2.354175e-09	5.666181e+01	6.835257e+02
3.560000e-06	1.064478e-08	2.355045e-09	5.671599e+01	6.837675e+02
3.570000e-06	1.065382e-08	2.356372e-09	5.676439e+01	6.841357e+02
3.580000e-06	1.066208e-08	2.357592e-09	5.680851e+01	6.844669e+02
3.590000e-06	1.066971e-08	2.358487e-09	5.684932e+01	6.847190e+02
3.600000e-06	1.067664e-08	2.359199e-09	5.688640e+01	6.849545e+02
3.610000e-06	1.068279e-08	2.359809e-09	5.691937e+01	6.851732e+02
3.620000e-06	1.068818e-08	2.360414e-09	5.694821e+01	6.853636e+02
3.630000e-06	1.069285e-08	2.360842e-09	5.697321e+01	6.854700e+02
3.640000e-06	1.069697e-08	2.361185e-09	5.699524e+01	6.855306e+02
3.650000e-06	1.070050e-08	2.361643e-09	5.701421e+01	6.856433e+02
3.660000e-06	1.070316e-08	2.362036e-09	5.702862e+01	6.857693e+02
3.670000e-06	1.070476e-08	2.362349e-09	5.703736e+01	6.858725e+02
3.680000e-06	1.070542e-08	2.362223e-09	5.704106e+01	6.858404e+02
3.690000e-06	1.070541e-08	2.361368e-09	5.704115e+01	6.855958e+02
3.700000e-06	1.070479e-08	2.360471e-09	5.703801e+01	6.853496e+02
3.710000e-06	1.070349e-08	2.360220e-09	5.703116e+01	6.852843e+02
3.720000e-06	1.070149e-08	2.360783e-09	5.702063e+01	6.854293e+02
3.730000e-06	1.069881e-08	2.361318e-09	5.700648e+01	6.855671e+02
3.740000e-06	1.069546e-08	2.360720e-09	5.698876e+01	6.853905e+02
3.750000e-06	1.069159e-08	2.359330e-09	5.696825e+01	6.850123e+02
3.760000e-06	1.068722e-08	2.355968e-09	5.694513e+01	6.841700e+02
3.770000e-06	1.068211e-08	2.347895e-09	5.691816e+01	6.818521e+02
3.780000e-06	1.067593e-08	2.351793e-09	5.688559e+01	6.825439e+02
3.790000e-06	1.066849e-08	2.381474e-09	5.684624e+01	6.908493e+02
3.800000e-06	1.065971e-08	2.394709e-09	5.679976e+01	6.954382e+02
3.810000e-06	1.064979e-08	2.347932e-09	5.674706e+01	6.827343e+02
3.820000e-06	1.063940e-08	2.297212e-09	5.669158e+01	6.672471e+02
3.830000e-06	1.062895e-08	2.331400e-09	5.663593e+01	6.757353e+02
3.840000e-06	1.061801e-08	2.397046e-09	5.657787e+01	6.954298e+02
3.850000e-06	1.060597e-08	2.367139e-09	5.651402e+01	6.882897e+02
3.860000e-06	1.059308e-08	2.309785e-09	5.644537e+01	6.705379e+02
3.870000e-06	1.057964e-08	2.353893e-09	5.637383e+01	6.816305e+02
3.880000e-06	1.056526e-08	2.399206e-09	5.629748e+01	6.960427e+02
3.890000e-06	1.054975e-08	2.342489e-09	5.621498e+01	6.809409e+02
3.900000e-06	1.053356e-08	2.313881e-09	5.612873e+01	6.714252e+02
3.910000e-06	1.051686e-08	2.373600e-09	5.603990e+01	6.884095e+02
3.920000e-06	1.049934e-08	2.368717e-09	5.594682e+01	6.884912e+02
3.930000e-06	1.048098e-08	2.311351e-09	5.584919e+01	6.711523e+02
3.940000e-06	1.046201e-08	2.343228e-09	5.574822e+01	6.786503e+02
3.950000e-06	1.044238e-08	2.384149e-09	5.564380e+01	6.915649e+02
3.960000e-06	1.042195e-08	2.334245e-09	5.553509e+01	6.781620e+02
3.970000e-06	1.040066e-08	2.317861e-09	5.542180e+01	6.721546e+02
3.980000e-06	1.037842e-08	2.368379e-09	5.530357e+01	6.870009e+02
3.990000e-06	1.035527e-08	2.344973e-09	5.518037e+01	6.817890e+02
4.000000e-06	1.033141e-08	2.304326e-09	5.505339e+01	6.691307e+02
4.010000e-06	1.030692e-08	2.351639e-09	5.492313e+01	6.818599e+02
4.020000e-06	1.028171e-08	2.364520e-09	5.478894e+01	6.867639e+02
4.030000e-06	1.025578e-08	2.319902e-09	5.465085e+01	6.735098e+02
4.040000e-06	1.022917e-08	2.348658e-09	5.450914e+01	6.804870e+02
4.050000e-06	1.020189e-08	2.381118e-09	5.436388e+01	6.908093e+02
4.060000e-06	1.017406e-08	2.340977e-09	5.421566e+01	6.795957e+02
4.070000e-06	1.014562e-08	2.347373e-09	5.406427e+01	6.804272e+02
4.080000e-06	1.011626e-08	2.379518e-09	5.390806e+01	6.904312e+02
4.090000e-06	1.008587e-08	2.344270e-09	5.374623e+01	6.809149e+02
4.100000e-06	1.005453e-08	2.339027e-09	5.357935e+01	6.786263e+02
4.110000e-06	1.002244e-08	2.364482e-09	5.340846e+01	6.864387e+02
4.120000e-06	9.989713e-09	2.331492e-09	5.323419e+01	6.773635e+02
4.130000e-06	9.956347e-09	2.324573e-09	5.305654e+01	6.746234e+02
4.140000e-06	9.922334e-09	2.352002e-09	5.287541e+01	6.829479e+02
4.150000e-06	9.887701e-09	2.329919e-09	5.269095e+01	6.769075e+02
4.160000e-06	9.852468e-09	2.322459e-09	5.250331e+01	6.740654e+02
4.170000e-06	9.816642e-09	2.337737e-09	5.231256e+01	6.789434e+02
4.180000e-06	9.780163e-09	2.311745e-09	5.211830e+01	6.717620e+02
4.190000e-06	9.742877e-09	2.305439e-09	5.191972e+01	6.692052e+02
4.200000e-06	9.704646e-09	2.321114e-09	5.171612e+01	6.741307e+02
4.210000e-06	9.665534e-09	2.299810e-09	5.150783e+01	6.683748e+02
4.220000e-06	9.625737e-09	2.291438e-09	5.129590e+01	6.652364e+02
4.230000e-06	9.585314e-09	2.306110e-09	5.108065e+01	6.696440e+02
4.240000e-06	9.544193e-09	2.292469e-09	5.086170e+01	6.662063e+02
4.250000e-06	9.502359e-09	2.279317e-09	5.063894e+01	6.619235e+02
4.260000e-06	9.459870e-09	2.282786e-09	5.041264e+01	6.628395e+02
4.270000e-06	9.416796e-09	2.272105e-09	5.018325e+01	6.601079e+02
4.280000e-06	9.373209e-09	2.262049e-09	4.995118e+01	6.569479e+02
4.290000e-06	9.329123e-09	2.266036e-09	4.971645e+01	6.579918e+02
4.300000e-06	9.284471e-09	2.262022e-09	4.947868e+01	6.571264e+02
4.310000e-06	9.239140e-09	2.250452e-09	4.923726e+01	6.537273e+02
4.320000e-06	9.193070e-09	2.243281e-09	4.899191e+01	6.515002e+02
4.330000e-06	9.146339e-09	2.236966e-09	4.874303e+01	6.497421e+02
4.340000e-06	9.098981e-09	2.230996e-09	4.849080e+01	6.479997e+02
4.350000e-06	9.050901e-09	2.226611e-09	4.823474e+01	6.466774e+02
4.360000e-06	9.002074e-09	2.220398e-09	4.797472e+01	6.448823e+02
4.370000e-06	8.952513e-09	2.214612e-09	4.771081e+01	6.431835e+02
4.380000e-06	8.902237e-09	2.209247e-09	4.744307e+01	6.416821e+02
4.390000e-06	8.851284e-09	2.199652e-09	4.717167e+01	6.389578e+02
4.400000e-06	8.799665e-09	2.190099e-09	4.689674e+01	6.361402e+02
4.410000e-06	8.747332e-09	2.182832e-09	4.661805e+01	6.340448e+02
4.420000e-06	8.694233e-09	2.173827e-09	4.633525e+01	6.314465e+02
4.430000e-06	8.640338e-09	2.167919e-09	4.604819e+01	6.296386e+02
4.440000e-06	8.585644e-09	2.166758e-09	4.575687e+01	6.293067e+02
4.450000e-06	8.530228e-09	2.159606e-09	4.546171e+01	6.273400e+02
4.460000e-06	8.474229e-09	2.146660e-09	4.516344e+01	6.235553e+02
4.470000e-06	8.417721e-09	2.137286e-09	4.486244e+01	6.207664e+02
4.480000e-06	8.360662e-09	2.130274e-09	4.455847e+01	6.187971e+02
4.490000e-06	8.302978e-09	2.121102e-09	4.425118e+01	6.161785e+02
4.500000e-06	8.244676e-09	2.113323e-09	4.394064e+01	6.138701e+02
4.510000e-06	8.185826e-09	2.107458e-09	4.362717e+01	6.121699e+02
4.520000e-06	8.126446e-09	2.099315e-09	4.331089e+01	6.098353e+02
4.530000e-06	8.066526e-09	2.090147e-09	4.299167e+01	6.071476e+02
4.540000e-06	8.006021e-09	2.081948e-09	4.266934e+01	6.047702e+02
4.550000e-06	7.944869e-09	2.071584e-09	4.234355e+01	6.017997e+02
4.560000e-06	7.883087e-09	2.059971e-09	4.201437e+01	5.984098e+02
4.570000e-06	7.820693e-09	2.051193e-09	4.168198e+01	5.958318e+02
4.580000e-06	7.757691e-09	2.044000e-09	4.134641e+01	5.937796e+02
4.590000e-06	7.694104e-09	2.035563e-09	4.100773e+01	5.913741e+02
4.600000e-06	7.629975e-09	2.025817e-09	4.066614e+01	5.885491e+02
4.610000e-06	7.565354e-09	2.015007e-09	4.032192e+01	5.854188e+02
4.620000e-06	7.500201e-09	2.003766e-09	3.997485e+01	5.821609e+02
4.630000e-06	7.434504e-09	1.994129e-09	3.962484e+01	5.793434e+02
4.640000e-06	7.368291e-09	1.985596e-09	3.927212e+01	5.768685e+02
4.650000e-06	7.301588e-09	1.975423e-09	3.891681e+01	5.739463e+02
4.660000e-06	7.234423e-09	1.964010e-09	3.855903e+01	5.706354e+02
4.670000e-06	7.166805e-09	1.952735e-09	3.819881e+01	5.673611e+02
4.680000e-06	7.098701e-09	1.940827e-09	3.783598e+01	5.639432e+02
4.690000e-06	7.030083e-09	1.928733e-09	3.747040e+01	5.604592e+02
4.700000e-06	6.960946e-09	1.917556e-09	3.710203e+01	5.572043e+02
4.710000e-06	6.891287e-09	1.906932e-09	3.673093e+01	5.541043e+02
4.720000e-06	6.821111e-09	1.896283e-09	3.635707e+01	5.509976e+02
4.730000e-06	6.750400e-09	1.885877e-09	3.598035e+01	5.479636e+02
4.740000e-06	6.679127e-09	1.874531e-09	3.560068e+01	5.446887e+02
4.750000e-06	6.607317e-09	1.860735e-09	3.521817e+01	5.407267e+02
4.760000e-06	6.535033e-09	1.845683e-09	3.483309e+01	5.363787e+02
4.770000e-06	6.462306e-09	1.832114e-09	3.444565e+01	5.324329e+02
4.780000e-06	6.389158e-09	1.820623e-09	3.405597e+01	5.290795e+02
4.790000e-06	6.315586e-09	1.809526e-09	3.366403e+01	5.258462e+02
4.800000e-06	6.241589e-09	1.797601e-09	3.326984e+01	5.223816e+02
4.810000e-06	6.167168e-09	1.785023e-09	3.287342e+01	5.187250e+02
4.820000e-06	6.092313e-09	1.771785e-09	3.247472e+01	5.148894e+02
4.830000e-06	6.017026e-09	1.757484e-09	3.207369e+01	5.107555e+02
4.840000e-06	5.941291e-09	1.742653e-09	3.167024e+01	5.064614e+02
4.850000e-06	5.865076e-09	1.728199e-09	3.126425e+01	5.022790e+02
4.860000e-06	5.788378e-09	1.714123e-09	3.085569e+01	4.981946e+02
4.870000e-06	5.711190e-09	1.700668e-09	3.044449e+01	4.942641e+02
4.880000e-06	5.633525e-09	1.687704e-09	3.003076e+01	4.904786e+02
4.890000e-06	5.555379e-09	1.673636e-09	2.961451e+01	4.863989e+02
4.900000e-06	5.476701e-09	1.657657e-09	2.919548e+01	4.817775e+02
4.910000e-06	5.397484e-09	1.641041e-09	2.877365e+01	4.769710e+02
4.920000e-06	5.317799e-09	1.625254e-09	2.834924e+01	4.723963e+02
4.930000e-06	5.237732e-09	1.610456e-09	2.792269e+01	4.680929e+02
4.940000e-06	5.157346e-09	1.595759e-09	2.749438e+01	4.638226e+02
4.950000e-06	5.076670e-09	1.580065e-09	2.706450e+01	4.592829e+02
4.960000e-06	4.995696e-09	1.563676e-09	2.663309e+01	4.545330e+02
4.970000e-06	4.914404e-09	1.547116e-09	2.620006e+01	4.497161e+02
4.980000e-06	4.832787e-09	1.530037e-09	2.576529e+01	4.447585e+02
4.990000e-06	4.750857e-09	1.512383e-09	2.532885e+01	4.396401e+02
5.000000e-06	4.668632e-09	1.494939e-09	2.489089e+01	4.345698e+02
5.010000e-06	4.586140e-09	1.477906e-09	2.445148e+01	4.296290e+02
5.020000e-06	4.503381e-09	1.460871e-09	2.401058e+01	4.247021e+02
5.030000e-06	4.420340e-09	1.443681e-09	2.356820e+01	4.197155e+02
5.040000e-06	4.337010e-09	1.425719e-09	2.312429e+01	4.145112e+02
5.050000e-06	4.253365e-09	1.406305e-09	2.267872e+01	4.088949e+02
5.060000e-06	4.169375e-09	1.386545e-09	2.223131e+01	4.031598e+02
5.070000e-06	4.085054e-09	1.367930e-09	2.178210e+01	3.977395e+02
5.080000e-06	4.000412e-09	1.349994e-09	2.133109e+01	3.925343e+02
5.090000e-06	3.915474e-09	1.331227e-09	2.087847e+01	3.871087e+02
5.100000e-06	3.830308e-09	1.311343e-09	2.042465e+01	3.813559e+02
5.110000e-06	3.744908e-09	1.291087e-09	1.996964e+01	3.754821e+02
5.120000e-06	3.659241e-09	1.271120e-09	1.951325e+01	3.696826e+02
5.130000e-06	3.573314e-09	1.251403e-09	1.905542e+01	3.639619e+02
5.140000e-06	3.487127e-09	1.231111e-09	1.859622e+01	3.580749e+02
5.150000e-06	3.400651e-09	1.209976e-09	1.813556e+01	3.519435e+02
5.160000e-06	3.313879e-09	1.188565e-09	1.767338e+01	3.457324e+02
5.170000e-06	3.226805e-09	1.167603e-09	1.720956e+01	3.396452e+02
5.180000e-06	3.139413e-09	1.146813e-09	1.674398e+01	3.336138e+02
5.190000e-06	3.051715e-09	1.125100e-09	1.627683e+01	3.273397e+02
5.200000e-06	2.963769e-09	1.102161e-09	1.580836e+01	3.206996e+02
5.210000e-06	2.875628e-09	1.079042e-09	1.533883e+01	3.139735e+02
5.220000e-06	2.787314e-09	1.056585e-09	1.486832e+01	3.074393e+02
5.230000e-06	2.698844e-09	1.034203e-09	1.439694e+01	3.009360e+02
5.240000e-06	2.610224e-09	1.011062e-09	1.392476e+01	2.942180e+02
5.250000e-06	2.521470e-09	9.871048e-10	1.345186e+01	2.872775e+02
5.260000e-06	2.432583e-09	9.629199e-10	1.297826e+01	2.802624e+02
5.270000e-06	2.343551e-09	9.392446e-10	1.250389e+01	2.733739e+02
5.280000e-06	2.254361e-09	9.156868e-10	1.202870e+01	2.665273e+02
5.290000e-06	2.165014e-09	8.910646e-10	1.155271e+01	2.593824e+02
5.300000e-06	2.075522e-09	8.656798e-10	1.107596e+01	2.520016e+02
5.310000e-06	1.985881e-09	8.404653e-10	1.059841e+01	2.446725e+02
5.320000e-06	1.896108e-09	8.151745e-10	1.012014e+01	2.373413e+02
5.330000e-06	1.806202e-09	7.894865e-10	9.641121e+00	2.298879e+02
5.340000e-06	1.716156e-09	7.634293e-10	9.161359e+00	2.223169e+02
5.350000e-06	1.625992e-09	7.370803e-10	8.680975e+00	2.146511e+02
5.360000e-06	1.535748e-09	7.109528e-10	8.200188e+00	2.070346e+02
5.370000e-06	1.445445e-09	6.853692e-10	7.719089e+00	1.995712e+02
5.380000e-06	1.355080e-09	6.596115e-10	7.237634e+00	1.920793e+02
5.390000e-06	1.264662e-09	6.324879e-10	6.755889e+00	1.842316e+02
5.400000e-06	1.174174e-09	6.044146e-10	6.273777e+00	1.761150e+02
5.410000e-06	1.083615e-09	5.765674e-10	5.791246e+00	1.680326e+02
5.420000e-06	9.930037e-10	5.491325e-10	5.308416e+00	1.600388e+02
5.430000e-06	9.023301e-10	5.220836e-10	4.825290e+00	1.521450e+02
5.440000e-06	8.115782e-10	4.949115e-10	4.341778e+00	1.442269e+02
5.450000e-06	7.207485e-10	4.674825e-10	3.857841e+00	1.362517e+02
5.460000e-06	6.298778e-10	4.401613e-10	3.373633e+00	1.283120e+02
5.470000e-06	5.389646e-10	4.128940e-10	2.889217e+00	1.203895e+02
5.480000e-06	4.479988e-10	3.851065e-10	2.404538e+00	1.123238e+02
5.490000e-06	3.570144e-10	3.564581e-10	1.919781e+00	1.040099e+02
5.500000e-06	2.660169e-10	3.278457e-10	1.434944e+00	9.569584e+01
5.510000e-06	1.750126e-10	3.000624e-10	9.500383e-01	8.759953e+01
5.520000e-06	8.403773e-11	2.728556e-10	4.652678e-01	7.965125e+01
5.530000e-06	-6.908809e-12	2.456786e-10	-1.935061e-02	7.172660e+01
5.540000e-06	-9.784171e-11	2.179427e-10	-5.038724e-01	6.367696e+01
5.550000e-06	-1.887769e-10	1.896570e-10	-9.883591e-01	5.547082e+01
5.560000e-06	-2.797157e-10	1.612692e-10	-1.472866e+00	4.721804e+01
5.570000e-06	-3.706472e-10	1.329067e-10	-1.957405e+00	3.897181e+01
5.580000e-06	-4.615642e-10	1.045711e-10	-2.441870e+00	3.071428e+01
5.590000e-06	-5.524476e-10	7.632482e-11	-2.926105e+00	2.247108e+01
5.600000e-06	-6.433009e-10	4.818252e-11	-3.410207e+00	1.427166e+01
5.610000e-06	-7.341221e-10	1.987485e-11	-3.894157e+00	6.038286e+00
5.620000e-06	-8.248813e-10	-8.751994e-12	-4.377741e+00	-2.279658e+00
5.630000e-06	-9.155868e-10	-3.793461e-11	-4.861014e+00	-1.076403e+01
5.640000e-06	-1.006239e-09	-6.764509e-11	-5.344011e+00	-1.940798e+01
5.650000e-06	-1.096809e-09	-9.750385e-11	-5.826580e+00	-2.810082e+01
5.660000e-06	-1.187273e-09	-1.270996e-10	-6.308590e+00	-3.671780e+01
5.670000e-06	-1.277647e-09	-1.566140e-10	-6.790132e+00	-4.530295e+01
5.680000e-06	-1.367919e-09	-1.868078e-10	-7.271115e+00	-5.407897e+01
5.690000e-06	-1.458074e-09	-2.176939e-10	-7.751447e+00	-6.305369e+01
5.700000e-06	-1.548156e-09	-2.487865e-10	-8.231386e+00	-7.209633e+01
5.710000e-06	-1.638179e-09	-2.799463e-10	-8.711008e+00	-8.117198e+01
5.720000e-06	-1.728114e-09	-3.108529e-10	-9.190177e+00	-9.017723e+01
5.730000e-06	-1.817927e-09	-3.416268e-10	-9.668720e+00	-9.913027e+01
5.740000e-06	-1.907601e-09	-3.732568e-10	-1.014653e+01	-1.083148e+02
5.750000e-06	-1.997169e-09	-4.056433e-10	-1.062374e+01	-1.177170e+02
5.760000e-06	-2.086625e-09	-4.377523e-10	-1.110034e+01	-1.270514e+02
5.770000e-06	-2.175920e-09	-4.697732e-10	-1.157611e+01	-1.363631e+02
5.780000e-06	-2.265056e-09	-5.022301e-10	-1.205107e+01	-1.458032e+02
5.790000e-06	-2.354037e-09	-5.345927e-10	-1.252521e+01	-1.552319e+02
5.800000e-06	-2.442856e-09	-5.668012e-10	-1.299851e+01	-1.646159e+02
5.810000e-06	-2.531508e-09	-5.987199e-10	-1.347092e+01	-1.738930e+02
5.820000e-06	-2.619997e-09	-6.299149e-10	-1.394237e+01	-1.829556e+02
5.830000e-06	-2.708327e-09	-6.610370e-10	-1.441296e+01	-1.920028e+02
5.840000e-06	-2.796496e-09	-6.925256e-10	-1.488271e+01	-2.011537e+02
5.850000e-06	-2.884491e-09	-7.238759e-10	-1.535157e+01	-2.102649e+02
5.860000e-06	-2.972297e-09	-7.546258e-10	-1.581947e+01	-2.192083e+02
5.870000e-06	-3.059863e-09	-7.847514e-10	-1.628608e+01	-2.279758e+02
5.880000e-06	-3.147163e-09	-8.145221e-10	-1.675126e+01	-2.366374e+02
5.890000e-06	-3.234218e-09	-8.441308e-10	-1.721506e+01	-2.452570e+02
5.900000e-06	-3.321001e-09	-8.735266e-10	-1.767746e+01	-2.538056e+02
5.910000e-06	-3.407479e-09	-9.022535e-10	-1.813831e+01	-2.621368e+02
5.920000e-06	-3.493662e-09	-9.302036e-10	-1.859760e+01	-2.702397e+02
5.930000e-06	-3.579569e-09	-9.580617e-10	-1.905541e+01	-2.783174e+02
5.940000e-06	-3.665201e-09	-9.859099e-10	-1.951176e+01	-2.863976e+02
5.950000e-06	-3.750573e-09	-1.013062e-09	-1.996671e+01	-2.943012e+02
5.960000e-06	-3.835656e-09	-1.039116e-09	-2.042016e+01	-3.018900e+02
5.970000e-06	-3.920436e-09	-1.064267e-09	-2.087198e+01	-3.092136e+02
5.980000e-06	-4.004942e-09	-1.089322e-09	-2.132233e+01	-3.165138e+02
5.990000e-06	-4.089173e-09	-1.114486e-09	-2.177120e+01	-3.238264e+02
6.000000e-06	-4.173112e-09	-1.139128e-09	-2.221845e+01	-3.309640e+02
6.010000e-06	-4.256751e-09	-1.163240e-09	-2.266407e+01	-3.379373e+02
6.020000e-06	-4.340100e-09	-1.186761e-09	-2.310818e+01	-3.447499e+02
6.030000e-06	-4.423163e-09	-1.209644e-09	-2.355077e+01	-3.514022e+02
6.040000e-06	-4.505924e-09	-1.232310e-09	-2.399181e+01	-3.580046e+02
6.050000e-06	-4.588411e-09	-1.254809e-09	-2.443141e+01	-3.645548e+02
6.060000e-06	-4.670597e-09	-1.276746e-09	-2.486934e+01	-3.709350e+02
6.070000e-06	-4.752439e-09	-1.297889e-09	-2.530542e+01	-3.770755e+02
6.080000e-06	-4.833948e-09	-1.318881e-09	-2.573973e+01	-3.831566e+02
6.090000e-06	-4.915146e-09	-1.339774e-09	-2.617239e+01	-3.892081e+02
6.100000e-06	-4.996057e-09	-1.360300e-09	-2.660351e+01	-3.951486e+02
6.110000e-06	-5.076670e-09	-1.380715e-09	-2.703304e+01	-4.010518e+02
6.120000e-06	-5.156954e-09	-1.400497e-09	-2.746084e+01	-4.067947e+02
6.130000e-06	-5.236875e-09	-1.419437e-09	-2.788673e+01	-4.123146e+02
6.140000e-06	-5.316391e-09	-1.438533e-09	-2.831045e+01	-4.178665e+02
6.150000e-06	-5.395470e-09	-1.458065e-09	-2.873182e+01	-4.235219e+02
6.160000e-06	-5.474099e-09	-1.476955e-09	-2.915083e+01	-4.289906e+02
6.170000e-06	-5.552239e-09	-1.494869e-09	-2.956725e+01	-4.341846e+02
6.180000e-06	-5.629906e-09	-1.512738e-09	-2.998114e+01	-4.393791e+02
6.190000e-06	-5.707096e-09	-1.530570e-09	-3.039248e+01	-4.445700e+02
6.200000e-06	-5.783756e-09	-1.547895e-09	-3.080098e+01	-4.496058e+02
6.210000e-06	-5.859877e-09	-1.565064e-09	-3.120662e+01	-4.545887e+02
6.220000e-06	-5.935511e-09	-1.582170e-09	-3.160963e+01	-4.595471e+02
6.230000e-06	-6.010705e-09	-1.598893e-09	-3.201026e+01	-4.644006e+02
6.240000e-06	-6.085467e-09	-1.615437e-09	-3.240863e+01	-4.692095e+02
6.250000e-06	-6.159819e-09	-1.632081e-09	-3.280483e+01	-4.740424e+02
6.260000e-06	-6.233748e-09	-1.648239e-09	-3.319880e+01	-4.787243e+02
6.270000e-06	-6.307251e-09	-1.663742e-09	-3.359046e+01	-4.832189e+02
6.280000e-06	-6.380346e-09	-1.679107e-09	-3.398000e+01	-4.876882e+02
6.290000e-06	-6.453067e-09	-1.694294e-09	-3.436756e+01	-4.921020e+02
6.300000e-06	-6.525410e-09	-1.709162e-09	-3.475305e+01	-4.964078e+02
6.310000e-06	-6.597323e-09	-1.723991e-09	-3.513627e+01	-5.007051e+02
6.320000e-06	-6.668755e-09	-1.738794e-09	-3.551697e+01	-5.050048e+02
6.330000e-06	-6.739659e-09	-1.753248e-09	-3.589492e+01	-5.092067e+02
6.340000e-06	-6.810004e-09	-1.767147e-09	-3.626992e+01	-5.132440e+02
6.350000e-06	-6.879762e-09	-1.780612e-09	-3.664179e+01	-5.171388e+02
6.360000e-06	-6.948961e-09	-1.793809e-09	-3.701063e+01	-5.209493e+02
6.370000e-06	-7.017635e-09	-1.806560e-09	-3.737664e+01	-5.246397e+02
6.380000e-06	-7.085798e-09	-1.819107e-09	-3.773996e+01	-5.282855e+02
6.390000e-06	-7.153481e-09	-1.831710e-09	-3.810075e+01	-5.319645e+02
6.400000e-06	-7.220715e-09	-1.843980e-09	-3.845911e+01	-5.355348e+02
6.410000e-06	-7.287515e-09	-1.855734e-09	-3.881517e+01	-5.389372e+02
6.420000e-06	-7.353857e-09	-1.867477e-09	-3.916883e+01	-5.423389e+02
6.430000e-06	-7.419699e-09	-1.879422e-09	-3.951982e+01	-5.457965e+02
6.440000e-06	-7.485029e-09	-1.891194e-09	-3.986804e+01	-5.491970e+02
6.450000e-06	-7.549858e-09	-1.902469e-09	-4.021361e+01	-5.524506e+02
6.460000e-06	-7.614195e-09	-1.913298e-09	-4.055660e+01	-5.555873e+02
6.470000e-06	-7.678019e-09	-1.923985e-09	-4.089685e+01	-5.587039e+02
6.480000e-06	-7.741304e-09	-1.934379e-09	-4.123426e+01	-5.617391e+02
6.490000e-06	-7.804003e-09	-1.944491e-09	-4.156857e+01	-5.646853e+02
6.500000e-06	-7.866030e-09	-1.954370e-09	-4.189928e+01	-5.675516e+02
6.510000e-06	-7.927391e-09	-1.964048e-09	-4.222639e+01	-5.703559e+02
6.520000e-06	-7.988150e-09	-1.973699e-09	-4.255026e+01	-5.731586e+02
6.530000e-06	-8.048341e-09	-1.983496e-09	-4.287111e+01	-5.759969e+02
6.540000e-06	-8.107994e-09	-1.993598e-09	-4.318910e+01	-5.789048e+02
6.550000e-06	-8.167138e-09	-2.003532e-09	-4.350438e+01	-5.817628e+02
6.560000e-06	-8.225784e-09	-2.012821e-09	-4.381701e+01	-5.844592e+02
6.570000e-06	-8.283856e-09	-2.021345e-09	-4.412663e+01	-5.869540e+02
6.580000e-06	-8.341304e-09	-2.029224e-09	-4.443293e+01	-5.892602e+02
6.590000e-06	-8.398170e-09	-2.037044e-09	-4.473609e+01	-5.915275e+02
6.600000e-06	-8.454489e-09	-2.045549e-09	-4.503628e+01	-5.939687e+02
6.610000e-06	-8.510238e-09	-2.054550e-09	-4.533348e+01	-5.965616e+02
6.620000e-06	-8.565358e-09	-2.063337e-09	-4.562739e+01	-5.991102e+02
6.630000e-06	-8.619750e-09	-2.071993e-09	-4.591742e+01	-6.016268e+02
6.640000e-06	-8.673320e-09	-2.080388e-09	-4.620305e+01	-6.040627e+02
6.650000e-06	-8.726101e-09	-2.088060e-09	-4.648447e+01	-6.062888e+02
6.660000e-06	-8.778174e-09	-2.095140e-09	-4.676209e+01	-6.083516e+02
6.670000e-06	-8.829597e-09	-2.102002e-09	-4.703622e+01	-6.103475e+02
6.680000e-06	-8.880392e-09	-2.108974e-09	-4.730703e+01	-6.123722e+02
6.690000e-06	-8.930509e-09	-2.116347e-09	-4.757423e+01	-6.145031e+02
6.700000e-06	-8.979871e-09	-2.123891e-09	-4.783741e+01	-6.166750e+02
6.710000e-06	-9.028397e-09	-2.131187e-09	-4.809615e+01	-6.187864e+02
6.720000e-06	-9.076048e-09	-2.138511e-09	-4.835022e+01	-6.209194e+02
6.730000e-06	-9.122929e-09	-2.145957e-09	-4.860017e+01	-6.230819e+02
6.740000e-06	-9.169195e-09	-2.152851e-09	-4.884680e+01	-6.250653e+02
6.750000e-06	-9.214887e-09	-2.159211e-09	-4.909041e+01	-6.268950e+02
6.760000e-06	-9.260010e-09	-2.165611e-09	-4.933100e+01	-6.287539e+02
6.770000e-06	-9.304573e-09	-2.171863e-09	-4.956856e+01	-6.305739e+02
6.780000e-06	-9.348597e-09	-2.177843e-09	-4.980321e+01	-6.323095e+02
6.790000e-06	-9.392107e-09	-2.183974e-09	-5.003518e+01	-6.340813e+02
6.800000e-06	-9.435064e-09	-2.190357e-09	-5.026424e+01	-6.359298e+02
6.810000e-06	-9.477432e-09	-2.196609e-09	-5.049016e+01	-6.377555e+02
6.820000e-06	-9.519179e-09	-2.202617e-09	-5.071276e+01	-6.395022e+02
6.830000e-06	-9.560286e-09	-2.208485e-09	-5.093192e+01	-6.411893e+02
6.840000e-06	-9.600773e-09	-2.214071e-09	-5.114778e+01	-6.427974e+02
6.850000e-06	-9.640676e-09	-2.219349e-09	-5.136057e+01	-6.443267e+02
6.860000e-06	-9.679953e-09	-2.224624e-09	-5.157006e+01	-6.458620e+02
6.870000e-06	-9.718424e-09	-2.229871e-09	-5.177532e+01	-6.473951e+02
6.880000e-06	-9.755973e-09	-2.234925e-09	-5.197563e+01	-6.488690e+02
6.890000e-06	-9.792673e-09	-2.240098e-09	-5.217133e+01	-6.503630e+02
6.900000e-06	-9.828687e-09	-2.245759e-09	-5.236336e+01	-6.519895e+02
6.910000e-06	-9.864107e-09	-2.251308e-09	-5.255224e+01	-6.535928e+02
6.920000e-06	-9.898913e-09	-2.255980e-09	-5.273786e+01	-6.549486e+02
6.930000e-06	-9.933041e-09	-2.260373e-09	-5.291983e+01	-6.562176e+02
6.940000e-06	-9.966462e-09	-2.264829e-09	-5.309805e+01	-6.574994e+02
6.950000e-06	-9.999225e-09	-2.269247e-09	-5.327274e+01	-6.587897e+02
6.960000e-06	-1.003138e-08	-2.273612e-09	-5.344419e+01	-6.600868e+02
6.970000e-06	-1.006292e-08	-2.277763e-09	-5.361237e+01	-6.613062e+02
6.980000e-06	-1.009369e-08	-2.281857e-09	-5.377650e+01	-6.624847e+02
6.990000e-06	-1.012348e-08	-2.285912e-09	-5.393547e+01	-6.636435e+02
7.000000e-06	-1.015231e-08	-2.289870e-09	-5.408924e+01	-6.647739e+02
7.010000e-06	-1.018042e-08	-2.293610e-09	-5.423905e+01	-6.658446e+02
7.020000e-06	-1.020792e-08	-2.297161e-09	-5.438574e+01	-6.668768e+02
7.030000e-06	-1.023479e-08	-2.300890e-09	-5.452907e+01	-6.679633e+02
7.040000e-06	-1.026090e-08	-2.304952e-09	-5.466846e+01	-6.691388e+02
7.050000e-06	-1.028626e-08	-2.309101e-09	-5.480375e+01	-6.703502e+02
7.060000e-06	-1.031092e-08	-2.312815e-09	-5.493522e+01	-6.714467e+02
7.070000e-06	-1.033500e-08	-2.315766e-09	-5.506358e+01	-6.723087e+02
7.080000e-06	-1.035853e-08	-2.318451e-09	-5.518906e+01	-6.730769e+02
7.090000e-06	-1.038129e-08	-2.321236e-09	-5.531056e+01	-6.738689e+02
7.100000e-06	-1.040306e-08	-2.324245e-09	-5.542677e+01	-6.747250e+02
7.110000e-06	-1.042384e-08	-2.327439e-09	-5.553765e+01	-6.756422e+02
7.120000e-06	-1.044390e-08	-2.330388e-09	-5.564459e+01	-6.764986e+02
7.130000e-06	-1.046337e-08	-2.333117e-09	-5.574842e+01	-6.772977e+02
7.140000e-06	-1.048218e-08	-2.335963e-09	-5.584878e+01	-6.781355e+02
7.150000e-06	-1.050028e-08	-2.338599e-09	-5.594535e+01	-6.789196e+02
7.160000e-06	-1.051766e-08	-2.340514e-09	-5.603811e+01	-6.794802e+02
7.170000e-06	-1.053432e-08	-2.342097e-09	-5.612702e+01	-6.799252e+02
7.180000e-06	-1.055037e-08	-2.344293e-09	-5.621257e+01	-6.805409e+02
7.190000e-06	-1.056578e-08	-2.346891e-09	-5.629486e+01	-6.812664e+02
7.200000e-06	-1.058028e-08	-2.349256e-09	-5.637233e+01	-6.819368e+02
7.210000e-06	-1.059363e-08	-2.351299e-09	-5.644366e+01	-6.825438e+02
7.220000e-06	-1.060600e-08	-2.353028e-09	-5.650970e+01	-6.830645e+02
7.230000e-06	-1.061762e-08	-2.354560e-09	-5.657175e+01	-6.835219e+02
7.240000e-06	-1.062850e-08	-2.355630e-09	-5.662984e+01	-6.838445e+02
7.250000e-06	-1.063862e-08	-2.356749e-09	-5.668388e+01	-6.841607e+02
7.260000e-06	-1.064801e-08	-2.357969e-09	-5.673402e+01	-6.844933e+02
7.270000e-06	-1.065667e-08	-2.358856e-09	-5.678027e+01	-6.847387e+02
7.280000e-06	-1.066471e-08	-2.360024e-09	-5.682320e+01	-6.850789e+02
7.290000e-06	-1.067213e-08	-2.361465e-09	-5.686290e+01	-6.855001e+02
7.300000e-06	-1.067869e-08	-2.362562e-09	-5.689806e+01	-6.858268e+02
7.310000e-06	-1.068420e-08	-2.363531e-09	-5.692759e+01	-6.861148e+02
7.320000e-06	-1.068878e-08	-2.364599e-09	-5.695210e+01	-6.864156e+02
7.330000e-06	-1.069271e-08	-2.365592e-09	-5.697311e+01	-6.866999e+02
7.340000e-06	-1.069604e-08	-2.366170e-09	-5.699098e+01	-6.868718e+02
7.350000e-06	-1.069868e-08	-2.366333e-09	-5.700521e+01	-6.869267e+02
7.360000e-06	-1.070064e-08	-2.366188e-09	-5.701576e+01	-6.868902e+02
7.370000e-06	-1.070184e-08	-2.366325e-09	-5.702235e+01	-6.869245e+02
