# Temperatura_=_19.77037037037037
# Concentracion g/m^3_=_8100.0
# C_Vs_to_Am_M_A/Vsm_=_254322799225.57578
# pendiente_HvsI_1/m_=_3716.3
# ordenada_HvsI_A/m_=_1297.0
# frecuencia_Hz_=_135200.98095928162
# Promedio de 27 ciclos

Tiempo_(s)	Campo_(V.s)	Magnetizacion_(V.s)	Campo_(kA/m)	Magnetizacion_(A/m)
0.000000e+00	-7.133445e-09	-1.829928e-09	-3.842268e+01	-5.162556e+02
1.000000e-08	-7.133500e-09	-1.830228e-09	-3.842288e+01	-5.163378e+02
2.000000e-08	-7.133232e-09	-1.829788e-09	-3.842137e+01	-5.162064e+02
3.000000e-08	-7.132555e-09	-1.828916e-09	-3.841762e+01	-5.159622e+02
4.000000e-08	-7.131292e-09	-1.828041e-09	-3.841066e+01	-5.157309e+02
5.000000e-08	-7.129279e-09	-1.827636e-09	-3.839971e+01	-5.156268e+02
6.000000e-08	-7.126532e-09	-1.827851e-09	-3.838484e+01	-5.156775e+02
7.000000e-08	-7.123171e-09	-1.827877e-09	-3.836663e+01	-5.156406e+02
8.000000e-08	-7.119279e-09	-1.826236e-09	-3.834554e+01	-5.150872e+02
9.000000e-08	-7.114813e-09	-1.823636e-09	-3.832135e+01	-5.144166e+02
1.000000e-07	-7.109670e-09	-1.825010e-09	-3.829352e+01	-5.152558e+02
1.100000e-07	-7.103969e-09	-1.828065e-09	-3.826274e+01	-5.161656e+02
1.200000e-07	-7.097980e-09	-1.822809e-09	-3.823044e+01	-5.137072e+02
1.300000e-07	-7.091736e-09	-1.815756e-09	-3.819672e+01	-5.113794e+02
1.400000e-07	-7.085004e-09	-1.820235e-09	-3.816032e+01	-5.139380e+02
1.500000e-07	-7.077683e-09	-1.825333e-09	-3.812074e+01	-5.158584e+02
1.600000e-07	-7.069928e-09	-1.817071e-09	-3.807890e+01	-5.119960e+02
1.700000e-07	-7.061883e-09	-1.810572e-09	-3.803552e+01	-5.096599e+02
1.800000e-07	-7.053439e-09	-1.819994e-09	-3.798995e+01	-5.140424e+02
1.900000e-07	-7.044440e-09	-1.825317e-09	-3.794140e+01	-5.159868e+02
2.000000e-07	-7.034894e-09	-1.815038e-09	-3.788996e+01	-5.113190e+02
2.100000e-07	-7.024768e-09	-1.811494e-09	-3.783530e+01	-5.100702e+02
2.200000e-07	-7.013865e-09	-1.823273e-09	-3.777640e+01	-5.151596e+02
2.300000e-07	-7.002212e-09	-1.825882e-09	-3.771353e+01	-5.158831e+02
2.400000e-07	-6.990050e-09	-1.814956e-09	-3.764797e+01	-5.113390e+02
2.500000e-07	-6.977406e-09	-1.815091e-09	-3.757977e+01	-5.120319e+02
2.600000e-07	-6.964160e-09	-1.824239e-09	-3.750829e+01	-5.160018e+02
2.700000e-07	-6.950327e-09	-1.819821e-09	-3.743368e+01	-5.138994e+02
2.800000e-07	-6.935961e-09	-1.810999e-09	-3.735626e+01	-5.106505e+02
2.900000e-07	-6.920915e-09	-1.815183e-09	-3.727511e+01	-5.131098e+02
3.000000e-07	-6.905076e-09	-1.816076e-09	-3.718960e+01	-5.136215e+02
3.100000e-07	-6.888585e-09	-1.805470e-09	-3.710065e+01	-5.093295e+02
3.200000e-07	-6.871603e-09	-1.804073e-09	-3.700910e+01	-5.092717e+02
3.300000e-07	-6.854210e-09	-1.809749e-09	-3.691532e+01	-5.119209e+02
3.400000e-07	-6.836485e-09	-1.801848e-09	-3.681978e+01	-5.087419e+02
3.500000e-07	-6.818357e-09	-1.794087e-09	-3.672203e+01	-5.059943e+02
3.600000e-07	-6.799689e-09	-1.801349e-09	-3.662134e+01	-5.094473e+02
3.700000e-07	-6.780464e-09	-1.802665e-09	-3.651769e+01	-5.099457e+02
3.800000e-07	-6.760814e-09	-1.790937e-09	-3.641181e+01	-5.052877e+02
3.900000e-07	-6.740847e-09	-1.789801e-09	-3.630422e+01	-5.054592e+02
4.000000e-07	-6.720553e-09	-1.795744e-09	-3.619485e+01	-5.081490e+02
4.100000e-07	-6.699870e-09	-1.788545e-09	-3.608338e+01	-5.051390e+02
4.200000e-07	-6.678728e-09	-1.780312e-09	-3.596942e+01	-5.022623e+02
4.300000e-07	-6.657101e-09	-1.782029e-09	-3.585285e+01	-5.037193e+02
4.400000e-07	-6.635031e-09	-1.777452e-09	-3.573389e+01	-5.023342e+02
4.500000e-07	-6.612495e-09	-1.768416e-09	-3.561243e+01	-4.991204e+02
4.600000e-07	-6.589457e-09	-1.769296e-09	-3.548826e+01	-4.999886e+02
4.700000e-07	-6.565968e-09	-1.768278e-09	-3.536165e+01	-4.998996e+02
4.800000e-07	-6.542125e-09	-1.758542e-09	-3.523315e+01	-4.963737e+02
4.900000e-07	-6.517973e-09	-1.756354e-09	-3.510297e+01	-4.960584e+02
5.000000e-07	-6.493421e-09	-1.758557e-09	-3.497062e+01	-4.973070e+02
5.100000e-07	-6.468306e-09	-1.749684e-09	-3.483526e+01	-4.941716e+02
5.200000e-07	-6.442473e-09	-1.740768e-09	-3.469604e+01	-4.913814e+02
5.300000e-07	-6.415889e-09	-1.740729e-09	-3.455276e+01	-4.920268e+02
5.400000e-07	-6.388665e-09	-1.737052e-09	-3.440604e+01	-4.909150e+02
5.500000e-07	-6.360972e-09	-1.729897e-09	-3.425679e+01	-4.884949e+02
5.600000e-07	-6.332948e-09	-1.728193e-09	-3.410578e+01	-4.883346e+02
5.700000e-07	-6.304614e-09	-1.723964e-09	-3.395310e+01	-4.871851e+02
5.800000e-07	-6.275917e-09	-1.714815e-09	-3.379846e+01	-4.842448e+02
5.900000e-07	-6.246792e-09	-1.711042e-09	-3.364147e+01	-4.834045e+02
6.000000e-07	-6.217237e-09	-1.709098e-09	-3.348219e+01	-4.830880e+02
6.100000e-07	-6.187286e-09	-1.701428e-09	-3.332080e+01	-4.806082e+02
6.200000e-07	-6.156927e-09	-1.695160e-09	-3.315718e+01	-4.788088e+02
6.300000e-07	-6.126134e-09	-1.692385e-09	-3.299121e+01	-4.782706e+02
6.400000e-07	-6.094899e-09	-1.686536e-09	-3.282292e+01	-4.765074e+02
6.500000e-07	-6.063285e-09	-1.679739e-09	-3.265263e+01	-4.744887e+02
6.600000e-07	-6.031367e-09	-1.674965e-09	-3.248069e+01	-4.732680e+02
6.700000e-07	-5.999157e-09	-1.668317e-09	-3.230715e+01	-4.713429e+02
6.800000e-07	-5.966561e-09	-1.661326e-09	-3.213152e+01	-4.693190e+02
6.900000e-07	-5.933430e-09	-1.657611e-09	-3.195298e+01	-4.684289e+02
7.000000e-07	-5.899668e-09	-1.653126e-09	-3.177099e+01	-4.671788e+02
7.100000e-07	-5.865244e-09	-1.645384e-09	-3.158540e+01	-4.648531e+02
7.200000e-07	-5.830191e-09	-1.637958e-09	-3.139646e+01	-4.627515e+02
7.300000e-07	-5.794664e-09	-1.631449e-09	-3.120507e+01	-4.609558e+02
7.400000e-07	-5.758828e-09	-1.624461e-09	-3.101207e+01	-4.589752e+02
7.500000e-07	-5.722747e-09	-1.618071e-09	-3.081770e+01	-4.572073e+02
7.600000e-07	-5.686397e-09	-1.611894e-09	-3.062180e+01	-4.554567e+02
7.700000e-07	-5.649677e-09	-1.604604e-09	-3.042391e+01	-4.533222e+02
7.800000e-07	-5.612507e-09	-1.597473e-09	-3.022361e+01	-4.513141e+02
7.900000e-07	-5.574899e-09	-1.591133e-09	-3.002097e+01	-4.495805e+02
8.000000e-07	-5.536906e-09	-1.583873e-09	-2.981621e+01	-4.475054e+02
8.100000e-07	-5.498518e-09	-1.575812e-09	-2.960931e+01	-4.451967e+02
8.200000e-07	-5.459702e-09	-1.568430e-09	-2.940016e+01	-4.431488e+02
8.300000e-07	-5.420491e-09	-1.562003e-09	-2.918892e+01	-4.413794e+02
8.400000e-07	-5.380940e-09	-1.555566e-09	-2.897583e+01	-4.395604e+02
8.500000e-07	-5.341104e-09	-1.548098e-09	-2.876118e+01	-4.374112e+02
8.600000e-07	-5.301016e-09	-1.539167e-09	-2.854519e+01	-4.348268e+02
8.700000e-07	-5.260690e-09	-1.529857e-09	-2.832795e+01	-4.321837e+02
8.800000e-07	-5.220092e-09	-1.521574e-09	-2.810924e+01	-4.299100e+02
8.900000e-07	-5.179067e-09	-1.514151e-09	-2.788820e+01	-4.278710e+02
9.000000e-07	-5.137472e-09	-1.506476e-09	-2.766405e+01	-4.256861e+02
9.100000e-07	-5.095234e-09	-1.498249e-09	-2.743639e+01	-4.233258e+02
9.200000e-07	-5.052399e-09	-1.489862e-09	-2.720545e+01	-4.209563e+02
9.300000e-07	-5.009092e-09	-1.481565e-09	-2.697205e+01	-4.186368e+02
9.400000e-07	-4.965424e-09	-1.472857e-09	-2.673679e+01	-4.161819e+02
9.500000e-07	-4.921476e-09	-1.463369e-09	-2.650004e+01	-4.134641e+02
9.600000e-07	-4.877276e-09	-1.453805e-09	-2.626194e+01	-4.107340e+02
9.700000e-07	-4.832820e-09	-1.445068e-09	-2.602245e+01	-4.082960e+02
9.800000e-07	-4.788074e-09	-1.437210e-09	-2.578136e+01	-4.061323e+02
9.900000e-07	-4.742991e-09	-1.429503e-09	-2.553849e+01	-4.039789e+02
1.000000e-06	-4.697580e-09	-1.420833e-09	-2.529385e+01	-4.015011e+02
1.010000e-06	-4.651875e-09	-1.410857e-09	-2.504759e+01	-3.986413e+02
1.020000e-06	-4.605872e-09	-1.400757e-09	-2.479974e+01	-3.957984e+02
1.030000e-06	-4.559567e-09	-1.391291e-09	-2.455027e+01	-3.931690e+02
1.040000e-06	-4.512927e-09	-1.381947e-09	-2.429901e+01	-3.905396e+02
1.050000e-06	-4.465930e-09	-1.372107e-09	-2.404580e+01	-3.877344e+02
1.060000e-06	-4.418590e-09	-1.361937e-09	-2.379071e+01	-3.848483e+02
1.070000e-06	-4.370956e-09	-1.352195e-09	-2.353411e+01	-3.821171e+02
1.080000e-06	-4.323095e-09	-1.342818e-09	-2.327632e+01	-3.795029e+02
1.090000e-06	-4.275025e-09	-1.332890e-09	-2.301740e+01	-3.766979e+02
1.100000e-06	-4.226699e-09	-1.321953e-09	-2.275706e+01	-3.735687e+02
1.110000e-06	-4.178065e-09	-1.310738e-09	-2.249507e+01	-3.703740e+02
1.120000e-06	-4.129073e-09	-1.300488e-09	-2.223120e+01	-3.675098e+02
1.130000e-06	-4.079672e-09	-1.291189e-09	-2.196510e+01	-3.649363e+02
1.140000e-06	-4.029814e-09	-1.281437e-09	-2.169650e+01	-3.621881e+02
1.150000e-06	-3.979482e-09	-1.270241e-09	-2.142539e+01	-3.589840e+02
1.160000e-06	-3.928718e-09	-1.258192e-09	-2.115196e+01	-3.555488e+02
1.170000e-06	-3.877581e-09	-1.246170e-09	-2.087652e+01	-3.521641e+02
1.180000e-06	-3.826101e-09	-1.234726e-09	-2.059922e+01	-3.489618e+02
1.190000e-06	-3.774315e-09	-1.223877e-09	-2.032025e+01	-3.459024e+02
1.200000e-06	-3.722261e-09	-1.212871e-09	-2.003986e+01	-3.427793e+02
1.210000e-06	-3.669938e-09	-1.201418e-09	-1.975805e+01	-3.395428e+02
1.220000e-06	-3.617347e-09	-1.189979e-09	-1.947479e+01	-3.363258e+02
1.230000e-06	-3.564486e-09	-1.178367e-09	-1.919008e+01	-3.330559e+02
1.240000e-06	-3.511367e-09	-1.166177e-09	-1.890396e+01	-3.295999e+02
1.250000e-06	-3.457987e-09	-1.153506e-09	-1.861645e+01	-3.259945e+02
1.260000e-06	-3.404379e-09	-1.140795e-09	-1.832773e+01	-3.223932e+02
1.270000e-06	-3.350568e-09	-1.128440e-09	-1.803788e+01	-3.189249e+02
1.280000e-06	-3.296542e-09	-1.116410e-09	-1.774689e+01	-3.155657e+02
1.290000e-06	-3.242302e-09	-1.104153e-09	-1.745477e+01	-3.121190e+02
1.300000e-06	-3.187845e-09	-1.091039e-09	-1.716149e+01	-3.083890e+02
1.310000e-06	-3.133166e-09	-1.077348e-09	-1.686701e+01	-3.045054e+02
1.320000e-06	-3.078239e-09	-1.063874e-09	-1.657118e+01	-3.007119e+02
1.330000e-06	-3.023061e-09	-1.050799e-09	-1.627398e+01	-2.970257e+02
1.340000e-06	-2.967648e-09	-1.037712e-09	-1.597554e+01	-2.933146e+02
1.350000e-06	-2.912025e-09	-1.024412e-09	-1.567597e+01	-2.895408e+02
1.360000e-06	-2.856233e-09	-1.010801e-09	-1.537551e+01	-2.856881e+02
1.370000e-06	-2.800323e-09	-9.967391e-10	-1.507439e+01	-2.817168e+02
1.380000e-06	-2.744321e-09	-9.827130e-10	-1.477278e+01	-2.777691e+02
1.390000e-06	-2.688218e-09	-9.688250e-10	-1.447063e+01	-2.738512e+02
1.400000e-06	-2.632001e-09	-9.545997e-10	-1.416790e+01	-2.698193e+02
1.410000e-06	-2.575667e-09	-9.403155e-10	-1.386453e+01	-2.657822e+02
1.420000e-06	-2.519196e-09	-9.261047e-10	-1.356038e+01	-2.617763e+02
1.430000e-06	-2.462566e-09	-9.116826e-10	-1.325537e+01	-2.577008e+02
1.440000e-06	-2.405747e-09	-8.970012e-10	-1.294933e+01	-2.535334e+02
1.450000e-06	-2.348715e-09	-8.819502e-10	-1.264215e+01	-2.492626e+02
1.460000e-06	-2.291429e-09	-8.664592e-10	-1.233359e+01	-2.448777e+02
1.470000e-06	-2.233852e-09	-8.509935e-10	-1.202350e+01	-2.405095e+02
1.480000e-06	-2.175989e-09	-8.360388e-10	-1.171183e+01	-2.363022e+02
1.490000e-06	-2.117844e-09	-8.212813e-10	-1.139856e+01	-2.321423e+02
1.500000e-06	-2.059426e-09	-8.062088e-10	-1.108379e+01	-2.278672e+02
1.510000e-06	-2.000766e-09	-7.905816e-10	-1.076778e+01	-2.234444e+02
1.520000e-06	-1.941887e-09	-7.742960e-10	-1.045062e+01	-2.188579e+02
1.530000e-06	-1.882801e-09	-7.577222e-10	-1.013233e+01	-2.141840e+02
1.540000e-06	-1.823546e-09	-7.414334e-10	-9.813185e+00	-2.095777e+02
1.550000e-06	-1.764154e-09	-7.255281e-10	-9.493337e+00	-2.050725e+02
1.560000e-06	-1.704630e-09	-7.097225e-10	-9.172752e+00	-2.006011e+02
1.570000e-06	-1.644994e-09	-6.936545e-10	-8.851574e+00	-1.960624e+02
1.580000e-06	-1.585258e-09	-6.769574e-10	-8.529903e+00	-1.913424e+02
1.590000e-06	-1.525424e-09	-6.596596e-10	-8.207701e+00	-1.864475e+02
1.600000e-06	-1.465524e-09	-6.422715e-10	-7.885095e+00	-1.815337e+02
1.610000e-06	-1.405575e-09	-6.251529e-10	-7.562216e+00	-1.767009e+02
1.620000e-06	-1.345571e-09	-6.082982e-10	-7.239061e+00	-1.719387e+02
1.630000e-06	-1.285507e-09	-5.918440e-10	-6.915570e+00	-1.672928e+02
1.640000e-06	-1.225394e-09	-5.758362e-10	-6.591808e+00	-1.627677e+02
1.650000e-06	-1.165235e-09	-5.596695e-10	-6.267836e+00	-1.581770e+02
1.660000e-06	-1.105029e-09	-5.426469e-10	-5.943644e+00	-1.533573e+02
1.670000e-06	-1.044783e-09	-5.246361e-10	-5.619203e+00	-1.482915e+02
1.680000e-06	-9.844895e-10	-5.061737e-10	-5.294489e+00	-1.430865e+02
1.690000e-06	-9.241582e-10	-4.881519e-10	-4.969577e+00	-1.379864e+02
1.700000e-06	-8.637875e-10	-4.710112e-10	-4.644471e+00	-1.331461e+02
1.710000e-06	-8.033655e-10	-4.541256e-10	-4.319091e+00	-1.283755e+02
1.720000e-06	-7.428956e-10	-4.368266e-10	-3.993442e+00	-1.234854e+02
1.730000e-06	-6.823899e-10	-4.194583e-10	-3.667579e+00	-1.185949e+02
1.740000e-06	-6.218372e-10	-4.023221e-10	-3.341455e+00	-1.137635e+02
1.750000e-06	-5.612367e-10	-3.848528e-10	-3.015069e+00	-1.088161e+02
1.760000e-06	-5.005920e-10	-3.667377e-10	-2.688463e+00	-1.036954e+02
1.770000e-06	-4.399057e-10	-3.483730e-10	-2.361616e+00	-9.851302e+01
1.780000e-06	-3.791855e-10	-3.301500e-10	-2.034533e+00	-9.336036e+01
1.790000e-06	-3.184381e-10	-3.122025e-10	-1.707312e+00	-8.827109e+01
1.800000e-06	-2.576719e-10	-2.944615e-10	-1.380004e+00	-8.324117e+01
1.810000e-06	-1.968957e-10	-2.766106e-10	-1.052656e+00	-7.819342e+01
1.820000e-06	-1.361231e-10	-2.584589e-10	-7.253459e-01	-7.306364e+01
1.830000e-06	-7.535013e-11	-2.404944e-10	-3.980404e-01	-6.800218e+01
1.840000e-06	-1.457783e-11	-2.227525e-10	-7.074628e-02	-6.301212e+01
1.850000e-06	4.617791e-11	-2.046767e-10	2.564556e-01	-5.789791e+01
1.860000e-06	1.069076e-10	-1.865185e-10	5.835266e-01	-5.273858e+01
1.870000e-06	1.676283e-10	-1.684878e-10	9.105808e-01	-4.762368e+01
1.880000e-06	2.283551e-10	-1.501629e-10	1.237679e+00	-4.243043e+01
1.890000e-06	2.890815e-10	-1.316693e-10	1.564749e+00	-3.718820e+01
1.900000e-06	3.498042e-10	-1.132685e-10	1.891788e+00	-3.198525e+01
1.910000e-06	4.105206e-10	-9.485560e-11	2.218782e+00	-2.679101e+01
1.920000e-06	4.712115e-10	-7.636551e-11	2.545617e+00	-2.156373e+01
1.930000e-06	5.318646e-10	-5.774952e-11	2.872264e+00	-1.629285e+01
1.940000e-06	5.924753e-10	-3.906351e-11	3.198705e+00	-1.099605e+01
1.950000e-06	6.530296e-10	-2.027432e-11	3.524850e+00	-5.661169e+00
1.960000e-06	7.135214e-10	-1.342581e-12	3.850654e+00	-2.991304e-01
1.970000e-06	7.739618e-10	1.751302e-11	4.176193e+00	5.020883e+00
1.980000e-06	8.343555e-10	3.641467e-11	4.501485e+00	1.034210e+01
1.990000e-06	8.946974e-10	5.559075e-11	4.826453e+00	1.574938e+01
2.000000e-06	9.549971e-10	7.476172e-11	5.151154e+00	2.118012e+01
2.010000e-06	1.015258e-09	9.362005e-11	5.475648e+00	2.652782e+01
2.020000e-06	1.075479e-09	1.124611e-10	5.799934e+00	3.186460e+01
2.030000e-06	1.135664e-09	1.318506e-10	6.124016e+00	3.735743e+01
2.040000e-06	1.195804e-09	1.516493e-10	6.447857e+00	4.295725e+01
2.050000e-06	1.255894e-09	1.714330e-10	6.771436e+00	4.854211e+01
2.060000e-06	1.315937e-09	1.911449e-10	7.094776e+00	5.410585e+01
2.070000e-06	1.375924e-09	2.108620e-10	7.417816e+00	5.967703e+01
2.080000e-06	1.435846e-09	2.307439e-10	7.740492e+00	6.529904e+01
2.090000e-06	1.495706e-09	2.507573e-10	8.062827e+00	7.096242e+01
2.100000e-06	1.555498e-09	2.707491e-10	8.384794e+00	7.663604e+01
2.110000e-06	1.615202e-09	2.909403e-10	8.706303e+00	8.237109e+01
2.120000e-06	1.674795e-09	3.114627e-10	9.027210e+00	8.818193e+01
2.130000e-06	1.734261e-09	3.321744e-10	9.347433e+00	9.402935e+01
2.140000e-06	1.793605e-09	3.528897e-10	9.667026e+00	9.987011e+01
2.150000e-06	1.852818e-09	3.734030e-10	9.985919e+00	1.056596e+02
2.160000e-06	1.911855e-09	3.939425e-10	1.030390e+01	1.114782e+02
2.170000e-06	1.970697e-09	4.147821e-10	1.062087e+01	1.174025e+02
2.180000e-06	2.029342e-09	4.356189e-10	1.093676e+01	1.233243e+02
2.190000e-06	2.087749e-09	4.560706e-10	1.125134e+01	1.291182e+02
2.200000e-06	2.145876e-09	4.762945e-10	1.156441e+01	1.348360e+02
2.210000e-06	2.203718e-09	4.966695e-10	1.187595e+01	1.405948e+02
2.220000e-06	2.261287e-09	5.170545e-10	1.218603e+01	1.463495e+02
2.230000e-06	2.318580e-09	5.371306e-10	1.249460e+01	1.520102e+02
2.240000e-06	2.375613e-09	5.571085e-10	1.280173e+01	1.576583e+02
2.250000e-06	2.432419e-09	5.775475e-10	1.310763e+01	1.634554e+02
2.260000e-06	2.489016e-09	5.982463e-10	1.341241e+01	1.693389e+02
2.270000e-06	2.545438e-09	6.185639e-10	1.371626e+01	1.751097e+02
2.280000e-06	2.601711e-09	6.383977e-10	1.401931e+01	1.807115e+02
2.290000e-06	2.657855e-09	6.578715e-10	1.432165e+01	1.861998e+02
2.300000e-06	2.713886e-09	6.770708e-10	1.462342e+01	1.916155e+02
2.310000e-06	2.769815e-09	6.962271e-10	1.492467e+01	1.970239e+02
2.320000e-06	2.825636e-09	7.154921e-10	1.522531e+01	2.024765e+02
2.330000e-06	2.881320e-09	7.345888e-10	1.552517e+01	2.078784e+02
2.340000e-06	2.936842e-09	7.534758e-10	1.582418e+01	2.132073e+02
2.350000e-06	2.992172e-09	7.724834e-10	1.612217e+01	2.185746e+02
2.360000e-06	3.047268e-09	7.914816e-10	1.641888e+01	2.239491e+02
2.370000e-06	3.102130e-09	8.098127e-10	1.671429e+01	2.291353e+02
2.380000e-06	3.156762e-09	8.273841e-10	1.700848e+01	2.340933e+02
2.390000e-06	3.211168e-09	8.448929e-10	1.730147e+01	2.390326e+02
2.400000e-06	3.265365e-09	8.625548e-10	1.759328e+01	2.440230e+02
2.410000e-06	3.319362e-09	8.799453e-10	1.788405e+01	2.489339e+02
2.420000e-06	3.373153e-09	8.970882e-10	1.817377e+01	2.537863e+02
2.430000e-06	3.426707e-09	9.142011e-10	1.846219e+01	2.586337e+02
2.440000e-06	3.480022e-09	9.309753e-10	1.874929e+01	2.633670e+02
2.450000e-06	3.533081e-09	9.473576e-10	1.903500e+01	2.679910e+02
2.460000e-06	3.585854e-09	9.637036e-10	1.931919e+01	2.726195e+02
2.470000e-06	3.638348e-09	9.799461e-10	1.960187e+01	2.772061e+02
2.480000e-06	3.690590e-09	9.958277e-10	1.988321e+01	2.816687e+02
2.490000e-06	3.742588e-09	1.011369e-09	2.016326e+01	2.860402e+02
2.500000e-06	3.794306e-09	1.026767e-09	2.044178e+01	2.903884e+02
2.510000e-06	3.845689e-09	1.042300e-09	2.071846e+01	2.947838e+02
2.520000e-06	3.896666e-09	1.057629e-09	2.099299e+01	2.991232e+02
2.530000e-06	3.947192e-09	1.072165e-09	2.126515e+01	3.032272e+02
2.540000e-06	3.997262e-09	1.086195e-09	2.153483e+01	3.071846e+02
2.550000e-06	4.046848e-09	1.100350e-09	2.180186e+01	3.111871e+02
2.560000e-06	4.095996e-09	1.114827e-09	2.206649e+01	3.152775e+02
2.570000e-06	4.144783e-09	1.129285e-09	2.232920e+01	3.193599e+02
2.580000e-06	4.193256e-09	1.143251e-09	2.259026e+01	3.233003e+02
2.590000e-06	4.241489e-09	1.156716e-09	2.285003e+01	3.270896e+02
2.600000e-06	4.289520e-09	1.170269e-09	2.310872e+01	3.309131e+02
2.610000e-06	4.337333e-09	1.184045e-09	2.336625e+01	3.348220e+02
2.620000e-06	4.384892e-09	1.197501e-09	2.362240e+01	3.386428e+02
2.630000e-06	4.432153e-09	1.210302e-09	2.387696e+01	3.422642e+02
2.640000e-06	4.479071e-09	1.222482e-09	2.412971e+01	3.456936e+02
2.650000e-06	4.525642e-09	1.234509e-09	2.438061e+01	3.490715e+02
2.660000e-06	4.571885e-09	1.246964e-09	2.462971e+01	3.525792e+02
2.670000e-06	4.617819e-09	1.259668e-09	2.487714e+01	3.561630e+02
2.680000e-06	4.663472e-09	1.271731e-09	2.512304e+01	3.595518e+02
2.690000e-06	4.708819e-09	1.282837e-09	2.536729e+01	3.626657e+02
2.700000e-06	4.753830e-09	1.294012e-09	2.560969e+01	3.658349e+02
2.710000e-06	4.798527e-09	1.305985e-09	2.585041e+01	3.692552e+02
2.720000e-06	4.842945e-09	1.317695e-09	2.608966e+01	3.725744e+02
2.730000e-06	4.887141e-09	1.328215e-09	2.632770e+01	3.755288e+02
2.740000e-06	4.931152e-09	1.338481e-09	2.656478e+01	3.784111e+02
2.750000e-06	4.974960e-09	1.349552e-09	2.680073e+01	3.815289e+02
2.760000e-06	5.018465e-09	1.361324e-09	2.703504e+01	3.848659e+02
2.770000e-06	5.061515e-09	1.373099e-09	2.726691e+01	3.882144e+02
2.780000e-06	5.103981e-09	1.383824e-09	2.749561e+01	3.912399e+02
2.790000e-06	5.145818e-09	1.393363e-09	2.772092e+01	3.939157e+02
2.800000e-06	5.187061e-09	1.403136e-09	2.794304e+01	3.966751e+02
2.810000e-06	5.227806e-09	1.413776e-09	2.816250e+01	3.996857e+02
2.820000e-06	5.268193e-09	1.424246e-09	2.838006e+01	4.026348e+02
2.830000e-06	5.308326e-09	1.433798e-09	2.859626e+01	4.053141e+02
2.840000e-06	5.348233e-09	1.443087e-09	2.881122e+01	4.079306e+02
2.850000e-06	5.387875e-09	1.452894e-09	2.902473e+01	4.107139e+02
2.860000e-06	5.427180e-09	1.463069e-09	2.923643e+01	4.135967e+02
2.870000e-06	5.466099e-09	1.473092e-09	2.944604e+01	4.164187e+02
2.880000e-06	5.504617e-09	1.482439e-09	2.965345e+01	4.190440e+02
2.890000e-06	5.542732e-09	1.491099e-09	2.985869e+01	4.214789e+02
2.900000e-06	5.580447e-09	1.499915e-09	3.006178e+01	4.239745e+02
2.910000e-06	5.617744e-09	1.509413e-09	3.026264e+01	4.266728e+02
2.920000e-06	5.654636e-09	1.518724e-09	3.046134e+01	4.292979e+02
2.930000e-06	5.691157e-09	1.527002e-09	3.065805e+01	4.316108e+02
2.940000e-06	5.727388e-09	1.534691e-09	3.085322e+01	4.337586e+02
2.950000e-06	5.763402e-09	1.542744e-09	3.104720e+01	4.360206e+02
2.960000e-06	5.799152e-09	1.551703e-09	3.123973e+01	4.385527e+02
2.970000e-06	5.834533e-09	1.560937e-09	3.143025e+01	4.411560e+02
2.980000e-06	5.869405e-09	1.569026e-09	3.161800e+01	4.434214e+02
2.990000e-06	5.903634e-09	1.576092e-09	3.180229e+01	4.454171e+02
3.000000e-06	5.937184e-09	1.583580e-09	3.198292e+01	4.475525e+02
3.010000e-06	5.970103e-09	1.591473e-09	3.216019e+01	4.497769e+02
3.020000e-06	6.002550e-09	1.598924e-09	3.233497e+01	4.518458e+02
3.030000e-06	6.034690e-09	1.605982e-09	3.250807e+01	4.538117e+02
3.040000e-06	6.066559e-09	1.613037e-09	3.267966e+01	4.557962e+02
3.050000e-06	6.098098e-09	1.620670e-09	3.284946e+01	4.579661e+02
3.060000e-06	6.129208e-09	1.628954e-09	3.301699e+01	4.603254e+02
3.070000e-06	6.159856e-09	1.636691e-09	3.318202e+01	4.625017e+02
3.080000e-06	6.190074e-09	1.643051e-09	3.334475e+01	4.642758e+02
3.090000e-06	6.219870e-09	1.648862e-09	3.350519e+01	4.659163e+02
3.100000e-06	6.249233e-09	1.655337e-09	3.366330e+01	4.677488e+02
3.110000e-06	6.278175e-09	1.662473e-09	3.381921e+01	4.697462e+02
3.120000e-06	6.306740e-09	1.669592e-09	3.397308e+01	4.717338e+02
3.130000e-06	6.335001e-09	1.676107e-09	3.412530e+01	4.735603e+02
3.140000e-06	6.363013e-09	1.682015e-09	3.427614e+01	4.752291e+02
3.150000e-06	6.390716e-09	1.687873e-09	3.442528e+01	4.769054e+02
3.160000e-06	6.417941e-09	1.693941e-09	3.457178e+01	4.786450e+02
3.170000e-06	6.444489e-09	1.699854e-09	3.471461e+01	4.803219e+02
3.180000e-06	6.470275e-09	1.705240e-09	3.485340e+01	4.818311e+02
3.190000e-06	6.495337e-09	1.710668e-09	3.498835e+01	4.833541e+02
3.200000e-06	6.519837e-09	1.716807e-09	3.512030e+01	4.850890e+02
3.210000e-06	6.543949e-09	1.723158e-09	3.525020e+01	4.868818e+02
3.220000e-06	6.567693e-09	1.728760e-09	3.537809e+01	4.884549e+02
3.230000e-06	6.591008e-09	1.733138e-09	3.550363e+01	4.896701e+02
3.240000e-06	6.613861e-09	1.736931e-09	3.562667e+01	4.907394e+02
3.250000e-06	6.636265e-09	1.741379e-09	3.574729e+01	4.920256e+02
3.260000e-06	6.658254e-09	1.746677e-09	3.586567e+01	4.935297e+02
3.270000e-06	6.679815e-09	1.751912e-09	3.598176e+01	4.949900e+02
3.280000e-06	6.700904e-09	1.756560e-09	3.609529e+01	4.962788e+02
3.290000e-06	6.721529e-09	1.761039e-09	3.620632e+01	4.975236e+02
3.300000e-06	6.741799e-09	1.765798e-09	3.631546e+01	4.988610e+02
3.310000e-06	6.761784e-09	1.770364e-09	3.642309e+01	5.001444e+02
3.320000e-06	6.781414e-09	1.773999e-09	3.652878e+01	5.011612e+02
3.330000e-06	6.800579e-09	1.777131e-09	3.663192e+01	5.020430e+02
3.340000e-06	6.819177e-09	1.780737e-09	3.673196e+01	5.030730e+02
3.350000e-06	6.837206e-09	1.785031e-09	3.682900e+01	5.042998e+02
3.360000e-06	6.854749e-09	1.789421e-09	3.692348e+01	5.055351e+02
3.370000e-06	6.871909e-09	1.793101e-09	3.701589e+01	5.065457e+02
3.380000e-06	6.888705e-09	1.795805e-09	3.710632e+01	5.072786e+02
3.390000e-06	6.905006e-09	1.798174e-09	3.719402e+01	5.079421e+02
3.400000e-06	6.920661e-09	1.801145e-09	3.727823e+01	5.088019e+02
3.410000e-06	6.935651e-09	1.804525e-09	3.735892e+01	5.097681e+02
3.420000e-06	6.950080e-09	1.807366e-09	3.743662e+01	5.105607e+02
3.430000e-06	6.964018e-09	1.810033e-09	3.751167e+01	5.113239e+02
3.440000e-06	6.977446e-09	1.813141e-09	3.758393e+01	5.122190e+02
3.450000e-06	6.990347e-09	1.816257e-09	3.765337e+01	5.130948e+02
3.460000e-06	7.002767e-09	1.818921e-09	3.772019e+01	5.138411e+02
3.470000e-06	7.014742e-09	1.820838e-09	3.778458e+01	5.143684e+02
3.480000e-06	7.026203e-09	1.822208e-09	3.784618e+01	5.147331e+02
3.490000e-06	7.036959e-09	1.823816e-09	3.790392e+01	5.151828e+02
3.500000e-06	7.046888e-09	1.826053e-09	3.795721e+01	5.158254e+02
3.510000e-06	7.056061e-09	1.828339e-09	3.800648e+01	5.164792e+02
3.520000e-06	7.064659e-09	1.829934e-09	3.805271e+01	5.169285e+02
3.530000e-06	7.072862e-09	1.831146e-09	3.809685e+01	5.172744e+02
3.540000e-06	7.080733e-09	1.832735e-09	3.813917e+01	5.177396e+02
3.550000e-06	7.088200e-09	1.834784e-09	3.817933e+01	5.183239e+02
3.560000e-06	7.095157e-09	1.836435e-09	3.821676e+01	5.187639e+02
3.570000e-06	7.101597e-09	1.836986e-09	3.825140e+01	5.188901e+02
3.580000e-06	7.107546e-09	1.837006e-09	3.828339e+01	5.188886e+02
3.590000e-06	7.112982e-09	1.837434e-09	3.831263e+01	5.190148e+02
3.600000e-06	7.117902e-09	1.838448e-09	3.833910e+01	5.193113e+02
3.610000e-06	7.122375e-09	1.839442e-09	3.836317e+01	5.196017e+02
3.620000e-06	7.126519e-09	1.839971e-09	3.838547e+01	5.197544e+02
3.630000e-06	7.130351e-09	1.840323e-09	3.840606e+01	5.198659e+02
3.640000e-06	7.133730e-09	1.841008e-09	3.842418e+01	5.200657e+02
3.650000e-06	7.136465e-09	1.841824e-09	3.843877e+01	5.202725e+02
3.660000e-06	7.138420e-09	1.842112e-09	3.844916e+01	5.203223e+02
3.670000e-06	7.139618e-09	1.841534e-09	3.845550e+01	5.201483e+02
3.680000e-06	7.140235e-09	1.840495e-09	3.845877e+01	5.198670e+02
3.690000e-06	7.140458e-09	1.839997e-09	3.845994e+01	5.197413e+02
3.700000e-06	7.140347e-09	1.840334e-09	3.845930e+01	5.198449e+02
3.710000e-06	7.139819e-09	1.840797e-09	3.845643e+01	5.199817e+02
3.720000e-06	7.138784e-09	1.840624e-09	3.845084e+01	5.199265e+02
3.730000e-06	7.137256e-09	1.839886e-09	3.844260e+01	5.197097e+02
3.740000e-06	7.135295e-09	1.839234e-09	3.843203e+01	5.195289e+02
3.750000e-06	7.132901e-09	1.838396e-09	3.841909e+01	5.192702e+02
3.760000e-06	7.130025e-09	1.837179e-09	3.840354e+01	5.189211e+02
3.770000e-06	7.126697e-09	1.837366e-09	3.838558e+01	5.191082e+02
3.780000e-06	7.122891e-09	1.838800e-09	3.836505e+01	5.195236e+02
3.790000e-06	7.118409e-09	1.835362e-09	3.834082e+01	5.179598e+02
3.800000e-06	7.113048e-09	1.828855e-09	3.831178e+01	5.159065e+02
3.810000e-06	7.106973e-09	1.832421e-09	3.827893e+01	5.181451e+02
3.820000e-06	7.100607e-09	1.837859e-09	3.824458e+01	5.202568e+02
3.830000e-06	7.093982e-09	1.829924e-09	3.820886e+01	5.164836e+02
3.840000e-06	7.086816e-09	1.821856e-09	3.817023e+01	5.134326e+02
3.850000e-06	7.079116e-09	1.827403e-09	3.812874e+01	5.165378e+02
3.860000e-06	7.071093e-09	1.832905e-09	3.808553e+01	5.188655e+02
3.870000e-06	7.062736e-09	1.824459e-09	3.804051e+01	5.148199e+02
3.880000e-06	7.053817e-09	1.817661e-09	3.799241e+01	5.121081e+02
3.890000e-06	7.044289e-09	1.825543e-09	3.794108e+01	5.160529e+02
3.900000e-06	7.034344e-09	1.829071e-09	3.788753e+01	5.176604e+02
3.910000e-06	7.024028e-09	1.816833e-09	3.783196e+01	5.123787e+02
3.920000e-06	7.013161e-09	1.811626e-09	3.777337e+01	5.105331e+02
3.930000e-06	7.001684e-09	1.824924e-09	3.771150e+01	5.162659e+02
3.940000e-06	6.989678e-09	1.830109e-09	3.764679e+01	5.178406e+02
3.950000e-06	6.977052e-09	1.815975e-09	3.757867e+01	5.119056e+02
3.960000e-06	6.963606e-09	1.809827e-09	3.750610e+01	5.103948e+02
3.970000e-06	6.949349e-09	1.819113e-09	3.742923e+01	5.148141e+02
3.980000e-06	6.934463e-09	1.819693e-09	3.734903e+01	5.144475e+02
3.990000e-06	6.919070e-09	1.811860e-09	3.726611e+01	5.108641e+02
4.000000e-06	6.903268e-09	1.815043e-09	3.718101e+01	5.127103e+02
4.010000e-06	6.887128e-09	1.816661e-09	3.709410e+01	5.138334e+02
4.020000e-06	6.870578e-09	1.801058e-09	3.700491e+01	5.078115e+02
4.030000e-06	6.853491e-09	1.791441e-09	3.691281e+01	5.048160e+02
4.040000e-06	6.835897e-09	1.800148e-09	3.681801e+01	5.090173e+02
4.050000e-06	6.817880e-09	1.803040e-09	3.672094e+01	5.096210e+02
4.060000e-06	6.799407e-09	1.796575e-09	3.662142e+01	5.064561e+02
4.070000e-06	6.780423e-09	1.800826e-09	3.651911e+01	5.084821e+02
4.080000e-06	6.760997e-09	1.803432e-09	3.641445e+01	5.098191e+02
4.090000e-06	6.741241e-09	1.788156e-09	3.630805e+01	5.038909e+02
4.100000e-06	6.721173e-09	1.778498e-09	3.619996e+01	5.008974e+02
4.110000e-06	6.700711e-09	1.785241e-09	3.608968e+01	5.043749e+02
4.120000e-06	6.679682e-09	1.784496e-09	3.597622e+01	5.038752e+02
4.130000e-06	6.657889e-09	1.776838e-09	3.585860e+01	5.007404e+02
4.140000e-06	6.635320e-09	1.781636e-09	3.573690e+01	5.031169e+02
4.150000e-06	6.612136e-09	1.783498e-09	3.561199e+01	5.039627e+02
4.160000e-06	6.588511e-09	1.772294e-09	3.548474e+01	4.995617e+02
4.170000e-06	6.564560e-09	1.769950e-09	3.535573e+01	4.992737e+02
4.180000e-06	6.540268e-09	1.772138e-09	3.522486e+01	5.006920e+02
4.190000e-06	6.515541e-09	1.761653e-09	3.509162e+01	4.967329e+02
4.200000e-06	6.490335e-09	1.756343e-09	3.495582e+01	4.950622e+02
4.210000e-06	6.464669e-09	1.760992e-09	3.481755e+01	4.974024e+02
4.220000e-06	6.438549e-09	1.753303e-09	3.467681e+01	4.947845e+02
4.230000e-06	6.411936e-09	1.740910e-09	3.453336e+01	4.906216e+02
4.240000e-06	6.384827e-09	1.740092e-09	3.438724e+01	4.910784e+02
4.250000e-06	6.357315e-09	1.737012e-09	3.423905e+01	4.903386e+02
4.260000e-06	6.329509e-09	1.728649e-09	3.408932e+01	4.874610e+02
4.270000e-06	6.301436e-09	1.727926e-09	3.393815e+01	4.876235e+02
4.280000e-06	6.273000e-09	1.725598e-09	3.378494e+01	4.871911e+02
4.290000e-06	6.244039e-09	1.714743e-09	3.362878e+01	4.836081e+02
4.300000e-06	6.214401e-09	1.709098e-09	3.346897e+01	4.820559e+02
4.310000e-06	6.184023e-09	1.707357e-09	3.330520e+01	4.819246e+02
4.320000e-06	6.153005e-09	1.698965e-09	3.313802e+01	4.793545e+02
4.330000e-06	6.121523e-09	1.691416e-09	3.296841e+01	4.771124e+02
4.340000e-06	6.089707e-09	1.689105e-09	3.279704e+01	4.766698e+02
4.350000e-06	6.057571e-09	1.684105e-09	3.262397e+01	4.752335e+02
4.360000e-06	6.025053e-09	1.677257e-09	3.244880e+01	4.732228e+02
4.370000e-06	5.992089e-09	1.672040e-09	3.227119e+01	4.718150e+02
4.380000e-06	5.958680e-09	1.664214e-09	3.209116e+01	4.695384e+02
4.390000e-06	5.924885e-09	1.655250e-09	3.190910e+01	4.669376e+02
4.400000e-06	5.890715e-09	1.650189e-09	3.172503e+01	4.656168e+02
4.410000e-06	5.856129e-09	1.646150e-09	3.153869e+01	4.645479e+02
4.420000e-06	5.821129e-09	1.639834e-09	3.135009e+01	4.627383e+02
4.430000e-06	5.785757e-09	1.632968e-09	3.115955e+01	4.607780e+02
4.440000e-06	5.750094e-09	1.625810e-09	3.096752e+01	4.587024e+02
4.450000e-06	5.714190e-09	1.618046e-09	3.077421e+01	4.564895e+02
4.460000e-06	5.678010e-09	1.610906e-09	3.057932e+01	4.545553e+02
4.470000e-06	5.641438e-09	1.604142e-09	3.038224e+01	4.526819e+02
4.480000e-06	5.604307e-09	1.596711e-09	3.018208e+01	4.505211e+02
4.490000e-06	5.566515e-09	1.589607e-09	2.997834e+01	4.485141e+02
4.500000e-06	5.528081e-09	1.583347e-09	2.977120e+01	4.468151e+02
4.510000e-06	5.489083e-09	1.576659e-09	2.956105e+01	4.449348e+02
4.520000e-06	5.449638e-09	1.568630e-09	2.934853e+01	4.426301e+02
4.530000e-06	5.409865e-09	1.559963e-09	2.913428e+01	4.401668e+02
4.540000e-06	5.369830e-09	1.551841e-09	2.891861e+01	4.378706e+02
4.550000e-06	5.329514e-09	1.544447e-09	2.870140e+01	4.358018e+02
4.560000e-06	5.288848e-09	1.537298e-09	2.848229e+01	4.338314e+02
4.570000e-06	5.247799e-09	1.530076e-09	2.826111e+01	4.318163e+02
4.580000e-06	5.206384e-09	1.522334e-09	2.803798e+01	4.296147e+02
4.590000e-06	5.164642e-09	1.513803e-09	2.781310e+01	4.271891e+02
4.600000e-06	5.122590e-09	1.505113e-09	2.758657e+01	4.247449e+02
4.610000e-06	5.080196e-09	1.496722e-09	2.735824e+01	4.224084e+02
4.620000e-06	5.037423e-09	1.488380e-09	2.712783e+01	4.200615e+02
4.630000e-06	4.994274e-09	1.479946e-09	2.689538e+01	4.176482e+02
4.640000e-06	4.950795e-09	1.471650e-09	2.666121e+01	4.152955e+02
4.650000e-06	4.907064e-09	1.463374e-09	2.642570e+01	4.129913e+02
4.660000e-06	4.863118e-09	1.454780e-09	2.618904e+01	4.106116e+02
4.670000e-06	4.818921e-09	1.445711e-09	2.595101e+01	4.080725e+02
4.680000e-06	4.774413e-09	1.436162e-09	2.571125e+01	4.053627e+02
4.690000e-06	4.729562e-09	1.426513e-09	2.546956e+01	4.026320e+02
4.700000e-06	4.684340e-09	1.417200e-09	2.522578e+01	4.000259e+02
4.710000e-06	4.638754e-09	1.407845e-09	2.498007e+01	3.973941e+02
4.720000e-06	4.592838e-09	1.398152e-09	2.473266e+01	3.946363e+02
4.730000e-06	4.546613e-09	1.388232e-09	2.448365e+01	3.918133e+02
4.740000e-06	4.500126e-09	1.378046e-09	2.423325e+01	3.889277e+02
4.750000e-06	4.453394e-09	1.367741e-09	2.398154e+01	3.860362e+02
4.760000e-06	4.406380e-09	1.357739e-09	2.372834e+01	3.832653e+02
4.770000e-06	4.359052e-09	1.347556e-09	2.347340e+01	3.804097e+02
4.780000e-06	4.311363e-09	1.337008e-09	2.321644e+01	3.773932e+02
4.790000e-06	4.263275e-09	1.326600e-09	2.295728e+01	3.744297e+02
4.800000e-06	4.214766e-09	1.316053e-09	2.269584e+01	3.714699e+02
4.810000e-06	4.165843e-09	1.305048e-09	2.243219e+01	3.683745e+02
4.820000e-06	4.116569e-09	1.293947e-09	2.216667e+01	3.652226e+02
4.830000e-06	4.066985e-09	1.283006e-09	2.189953e+01	3.621244e+02
4.840000e-06	4.017103e-09	1.271897e-09	2.163078e+01	3.589966e+02
4.850000e-06	3.966951e-09	1.260460e-09	2.136055e+01	3.557744e+02
4.860000e-06	3.916510e-09	1.248942e-09	2.108877e+01	3.525292e+02
4.870000e-06	3.865752e-09	1.237614e-09	2.081531e+01	3.493283e+02
4.880000e-06	3.814680e-09	1.226409e-09	2.054020e+01	3.461507e+02
4.890000e-06	3.763329e-09	1.214962e-09	2.026360e+01	3.429267e+02
4.900000e-06	3.711712e-09	1.203166e-09	1.998557e+01	3.396292e+02
4.910000e-06	3.659833e-09	1.191141e-09	1.970613e+01	3.362526e+02
4.920000e-06	3.607707e-09	1.178942e-09	1.942534e+01	3.327813e+02
4.930000e-06	3.555316e-09	1.166564e-09	1.914307e+01	3.292420e+02
4.940000e-06	3.502639e-09	1.153981e-09	1.885920e+01	3.256790e+02
4.950000e-06	3.449615e-09	1.141425e-09	1.857343e+01	3.221653e+02
4.960000e-06	3.396188e-09	1.128828e-09	1.828541e+01	3.186375e+02
4.970000e-06	3.342371e-09	1.116019e-09	1.799528e+01	3.150267e+02
4.980000e-06	3.288179e-09	1.103199e-09	1.770314e+01	3.114097e+02
4.990000e-06	3.233621e-09	1.090175e-09	1.740906e+01	3.077430e+02
5.000000e-06	3.178727e-09	1.076595e-09	1.711321e+01	3.039194e+02
5.010000e-06	3.123544e-09	1.062957e-09	1.681590e+01	3.000680e+02
5.020000e-06	3.068130e-09	1.049652e-09	1.651742e+01	2.962903e+02
5.030000e-06	3.012541e-09	1.036152e-09	1.621802e+01	2.924675e+02
5.040000e-06	2.956806e-09	1.022248e-09	1.591784e+01	2.885667e+02
5.050000e-06	2.900920e-09	1.008319e-09	1.561688e+01	2.846688e+02
5.060000e-06	2.844895e-09	9.944287e-10	1.531520e+01	2.807568e+02
5.070000e-06	2.788727e-09	9.805418e-10	1.501271e+01	2.768167e+02
5.080000e-06	2.732399e-09	9.665898e-10	1.470929e+01	2.728606e+02
5.090000e-06	2.675912e-09	9.520761e-10	1.440499e+01	2.687658e+02
5.100000e-06	2.619251e-09	9.371210e-10	1.409976e+01	2.645576e+02
5.110000e-06	2.562408e-09	9.225607e-10	1.379356e+01	2.604494e+02
5.120000e-06	2.505382e-09	9.083448e-10	1.348635e+01	2.564147e+02
5.130000e-06	2.448179e-09	8.936191e-10	1.317819e+01	2.522420e+02
5.140000e-06	2.390800e-09	8.779864e-10	1.286910e+01	2.478425e+02
5.150000e-06	2.333255e-09	8.620259e-10	1.255914e+01	2.433532e+02
5.160000e-06	2.275555e-09	8.467168e-10	1.224830e+01	2.390336e+02
5.170000e-06	2.217677e-09	8.320056e-10	1.193650e+01	2.348732e+02
5.180000e-06	2.159625e-09	8.169447e-10	1.162379e+01	2.306053e+02
5.190000e-06	2.101416e-09	8.013975e-10	1.131023e+01	2.262034e+02
5.200000e-06	2.043043e-09	7.857805e-10	1.099577e+01	2.217972e+02
5.210000e-06	1.984505e-09	7.701747e-10	1.068041e+01	2.173907e+02
5.220000e-06	1.925812e-09	7.545159e-10	1.036419e+01	2.129557e+02
5.230000e-06	1.866982e-09	7.383410e-10	1.004726e+01	2.083885e+02
5.240000e-06	1.808034e-09	7.215219e-10	9.729723e+00	2.036587e+02
5.250000e-06	1.748970e-09	7.050318e-10	9.411573e+00	1.990211e+02
5.260000e-06	1.689788e-09	6.894486e-10	9.092789e+00	1.946278e+02
5.270000e-06	1.630500e-09	6.739412e-10	8.773466e+00	1.902234e+02
5.280000e-06	1.571122e-09	6.576058e-10	8.453649e+00	1.855703e+02
5.290000e-06	1.511658e-09	6.404243e-10	8.133351e+00	1.807119e+02
5.300000e-06	1.452114e-09	6.231364e-10	7.812662e+00	1.758492e+02
5.310000e-06	1.392494e-09	6.066602e-10	7.491609e+00	1.712160e+02
5.320000e-06	1.332803e-09	5.905238e-10	7.170192e+00	1.666708e+02
5.330000e-06	1.273050e-09	5.735129e-10	6.848442e+00	1.618726e+02
5.340000e-06	1.213251e-09	5.560002e-10	6.526440e+00	1.569370e+02
5.350000e-06	1.153415e-09	5.389760e-10	6.204224e+00	1.521338e+02
5.360000e-06	1.093537e-09	5.224172e-10	5.881772e+00	1.474454e+02
5.370000e-06	1.033618e-09	5.056625e-10	5.559091e+00	1.426936e+02
5.380000e-06	9.736703e-10	4.879737e-10	5.236256e+00	1.376873e+02
5.390000e-06	9.136852e-10	4.696212e-10	4.913224e+00	1.325195e+02
5.400000e-06	8.536553e-10	4.517784e-10	4.589960e+00	1.274971e+02
5.410000e-06	7.935888e-10	4.348284e-10	4.266510e+00	1.227038e+02
5.420000e-06	7.334821e-10	4.179703e-10	3.942828e+00	1.179310e+02
5.430000e-06	6.733410e-10	4.004935e-10	3.618915e+00	1.129959e+02
5.440000e-06	6.131557e-10	3.826672e-10	3.294756e+00	1.079716e+02
5.450000e-06	5.529253e-10	3.650180e-10	2.970358e+00	1.029982e+02
5.460000e-06	4.926679e-10	3.475850e-10	2.645780e+00	9.807791e+01
5.470000e-06	4.323803e-10	3.298585e-10	2.321066e+00	9.305615e+01
5.480000e-06	3.720649e-10	3.113957e-10	1.996242e+00	8.781458e+01
5.490000e-06	3.117412e-10	2.926460e-10	1.671334e+00	8.250522e+01
5.500000e-06	2.513969e-10	2.748618e-10	1.346284e+00	7.749995e+01
5.510000e-06	1.910211e-10	2.580620e-10	1.021071e+00	7.277905e+01
5.520000e-06	1.306355e-10	2.408509e-10	6.957785e-01	6.791438e+01
5.530000e-06	7.025487e-11	2.226793e-10	3.704837e-01	6.276657e+01
5.540000e-06	9.899311e-12	2.040379e-10	4.534050e-02	5.750493e+01
5.550000e-06	-5.043003e-11	1.855021e-10	-2.796500e-01	5.226619e+01
5.560000e-06	-1.107666e-10	1.674017e-10	-6.046383e-01	4.712364e+01
5.570000e-06	-1.711217e-10	1.494749e-10	-9.296993e-01	4.203984e+01
5.580000e-06	-2.314793e-10	1.311719e-10	-1.254802e+00	3.687203e+01
5.590000e-06	-2.918242e-10	1.127998e-10	-1.579841e+00	3.169990e+01
5.600000e-06	-3.521495e-10	9.490103e-11	-1.904799e+00	2.665935e+01
5.610000e-06	-4.124642e-10	7.722355e-11	-2.229683e+00	2.164961e+01
5.620000e-06	-4.727535e-10	5.915380e-11	-2.554378e+00	1.650568e+01
5.630000e-06	-5.329943e-10	4.047814e-11	-2.878808e+00	1.120713e+01
5.640000e-06	-5.931912e-10	2.185353e-11	-3.203009e+00	5.959980e+00
5.650000e-06	-6.533407e-10	3.951156e-12	-3.526945e+00	9.297341e-01
5.660000e-06	-7.134316e-10	-1.375379e-11	-3.850551e+00	-4.067302e+00
5.670000e-06	-7.734768e-10	-3.222982e-11	-4.173906e+00	-9.302232e+00
5.680000e-06	-8.334996e-10	-5.152819e-11	-4.497141e+00	-1.476334e+01
5.690000e-06	-8.934929e-10	-7.090242e-11	-4.820236e+00	-2.024393e+01
5.700000e-06	-9.534493e-10	-8.966313e-11	-5.143127e+00	-2.555995e+01
5.710000e-06	-1.013375e-09	-1.079858e-10	-5.465823e+00	-3.075284e+01
5.720000e-06	-1.073263e-09	-1.266237e-10	-5.788307e+00	-3.602160e+01
5.730000e-06	-1.133100e-09	-1.455274e-10	-6.110504e+00	-4.133831e+01
5.740000e-06	-1.192890e-09	-1.642406e-10	-6.432455e+00	-4.659725e+01
5.750000e-06	-1.252633e-09	-1.829367e-10	-6.754164e+00	-5.188373e+01
5.760000e-06	-1.312328e-09	-2.020689e-10	-7.075600e+00	-5.733115e+01
5.770000e-06	-1.371973e-09	-2.217933e-10	-7.396773e+00	-6.295327e+01
5.780000e-06	-1.431550e-09	-2.418036e-10	-7.717592e+00	-6.862964e+01
5.790000e-06	-1.491048e-09	-2.615744e-10	-8.038005e+00	-7.420928e+01
5.800000e-06	-1.550453e-09	-2.806849e-10	-8.357950e+00	-7.959255e+01
5.810000e-06	-1.609752e-09	-2.994290e-10	-8.677356e+00	-8.487640e+01
5.820000e-06	-1.668924e-09	-3.185501e-10	-8.996088e+00	-9.026450e+01
5.830000e-06	-1.727978e-09	-3.380389e-10	-9.314180e+00	-9.575376e+01
5.840000e-06	-1.786929e-09	-3.576212e-10	-9.631749e+00	-1.012894e+02
5.850000e-06	-1.845743e-09	-3.773134e-10	-9.948587e+00	-1.068820e+02
5.860000e-06	-1.904407e-09	-3.971490e-10	-1.026462e+01	-1.125177e+02
5.870000e-06	-1.962931e-09	-4.171340e-10	-1.057990e+01	-1.181782e+02
5.880000e-06	-2.021327e-09	-4.372627e-10	-1.089448e+01	-1.238460e+02
5.890000e-06	-2.079576e-09	-4.574687e-10	-1.120826e+01	-1.295205e+02
5.900000e-06	-2.137653e-09	-4.774309e-10	-1.152111e+01	-1.351410e+02
5.910000e-06	-2.195580e-09	-4.970073e-10	-1.183310e+01	-1.406746e+02
5.920000e-06	-2.253349e-09	-5.165636e-10	-1.214420e+01	-1.462110e+02
5.930000e-06	-2.310948e-09	-5.363448e-10	-1.245441e+01	-1.517981e+02
5.940000e-06	-2.368367e-09	-5.558452e-10	-1.276370e+01	-1.573023e+02
5.950000e-06	-2.425611e-09	-5.750331e-10	-1.307207e+01	-1.627292e+02
5.960000e-06	-2.482673e-09	-5.945720e-10	-1.337945e+01	-1.682568e+02
5.970000e-06	-2.539527e-09	-6.144291e-10	-1.368571e+01	-1.738639e+02
5.980000e-06	-2.596185e-09	-6.343016e-10	-1.399088e+01	-1.794682e+02
5.990000e-06	-2.652655e-09	-6.540229e-10	-1.429505e+01	-1.850386e+02
6.000000e-06	-2.708955e-09	-6.734062e-10	-1.459827e+01	-1.905206e+02
6.010000e-06	-2.765108e-09	-6.922138e-10	-1.490065e+01	-1.958267e+02
6.020000e-06	-2.821133e-09	-7.104453e-10	-1.520231e+01	-2.009590e+02
6.030000e-06	-2.877028e-09	-7.284186e-10	-1.550326e+01	-2.060142e+02
6.040000e-06	-2.932778e-09	-7.463541e-10	-1.580344e+01	-2.110717e+02
6.050000e-06	-2.988397e-09	-7.645728e-10	-1.610295e+01	-2.162396e+02
6.060000e-06	-3.043863e-09	-7.831311e-10	-1.640166e+01	-2.215111e+02
6.070000e-06	-3.099128e-09	-8.018017e-10	-1.669931e+01	-2.267904e+02
6.080000e-06	-3.154137e-09	-8.203746e-10	-1.699559e+01	-2.320155e+02
6.090000e-06	-3.208812e-09	-8.384982e-10	-1.729018e+01	-2.371030e+02
6.100000e-06	-3.263130e-09	-8.558091e-10	-1.758293e+01	-2.419676e+02
6.110000e-06	-3.317084e-09	-8.724778e-10	-1.787368e+01	-2.466580e+02
6.120000e-06	-3.370636e-09	-8.892505e-10	-1.816223e+01	-2.513881e+02
6.130000e-06	-3.423784e-09	-9.065345e-10	-1.844856e+01	-2.562829e+02
6.140000e-06	-3.476574e-09	-9.239623e-10	-1.873294e+01	-2.612337e+02
6.150000e-06	-3.529049e-09	-9.414542e-10	-1.901560e+01	-2.662048e+02
6.160000e-06	-3.581248e-09	-9.588950e-10	-1.929675e+01	-2.711414e+02
6.170000e-06	-3.633207e-09	-9.755720e-10	-1.957661e+01	-2.758341e+02
6.180000e-06	-3.684940e-09	-9.913993e-10	-1.985522e+01	-2.802654e+02
6.190000e-06	-3.736427e-09	-1.006751e-09	-2.013254e+01	-2.845707e+02
6.200000e-06	-3.787655e-09	-1.022137e-09	-2.040853e+01	-2.889162e+02
6.210000e-06	-3.838591e-09	-1.037998e-09	-2.068293e+01	-2.934073e+02
6.220000e-06	-3.889198e-09	-1.054110e-09	-2.095553e+01	-2.979666e+02
6.230000e-06	-3.939487e-09	-1.069839e-09	-2.122642e+01	-3.024144e+02
6.240000e-06	-3.989494e-09	-1.084947e-09	-2.149579e+01	-3.066820e+02
6.250000e-06	-4.039203e-09	-1.099603e-09	-2.176355e+01	-3.108233e+02
6.260000e-06	-4.088551e-09	-1.114019e-09	-2.202938e+01	-3.148932e+02
6.270000e-06	-4.137508e-09	-1.128354e-09	-2.229312e+01	-3.189148e+02
6.280000e-06	-4.186022e-09	-1.142320e-09	-2.255444e+01	-3.228159e+02
6.290000e-06	-4.234052e-09	-1.155790e-09	-2.281312e+01	-3.265918e+02
6.300000e-06	-4.281633e-09	-1.169411e-09	-2.306940e+01	-3.304389e+02
6.310000e-06	-4.328822e-09	-1.183354e-09	-2.332356e+01	-3.343912e+02
6.320000e-06	-4.375681e-09	-1.196853e-09	-2.357588e+01	-3.382023e+02
6.330000e-06	-4.422273e-09	-1.209530e-09	-2.382675e+01	-3.417621e+02
6.340000e-06	-4.468635e-09	-1.221833e-09	-2.407640e+01	-3.452161e+02
6.350000e-06	-4.514776e-09	-1.234188e-09	-2.432484e+01	-3.486902e+02
6.360000e-06	-4.560691e-09	-1.246671e-09	-2.457210e+01	-3.522077e+02
6.370000e-06	-4.606344e-09	-1.259177e-09	-2.481795e+01	-3.557352e+02
6.380000e-06	-4.651688e-09	-1.271381e-09	-2.506215e+01	-3.591642e+02
6.390000e-06	-4.696701e-09	-1.283129e-09	-2.530459e+01	-3.624694e+02
6.400000e-06	-4.741370e-09	-1.294636e-09	-2.554515e+01	-3.657285e+02
6.410000e-06	-4.785718e-09	-1.306163e-09	-2.578394e+01	-3.689886e+02
6.420000e-06	-4.829802e-09	-1.317626e-09	-2.602132e+01	-3.722123e+02
6.430000e-06	-4.873678e-09	-1.328646e-09	-2.625756e+01	-3.753044e+02
6.440000e-06	-4.917361e-09	-1.339421e-09	-2.649275e+01	-3.783277e+02
6.450000e-06	-4.960801e-09	-1.350450e-09	-2.672661e+01	-3.814360e+02
6.460000e-06	-5.003917e-09	-1.361485e-09	-2.695878e+01	-3.845618e+02
6.470000e-06	-5.046666e-09	-1.371967e-09	-2.718901e+01	-3.875177e+02
6.480000e-06	-5.089048e-09	-1.381875e-09	-2.741729e+01	-3.903011e+02
6.490000e-06	-5.131091e-09	-1.391618e-09	-2.764372e+01	-3.930510e+02
6.500000e-06	-5.172813e-09	-1.401520e-09	-2.786839e+01	-3.958418e+02
6.510000e-06	-5.214190e-09	-1.411694e-09	-2.809117e+01	-3.987032e+02
6.520000e-06	-5.255205e-09	-1.421951e-09	-2.831202e+01	-4.015929e+02
6.530000e-06	-5.295840e-09	-1.431488e-09	-2.853084e+01	-4.042663e+02
6.540000e-06	-5.336116e-09	-1.440102e-09	-2.874773e+01	-4.066737e+02
6.550000e-06	-5.376116e-09	-1.448825e-09	-2.896312e+01	-4.091364e+02
6.560000e-06	-5.415880e-09	-1.458182e-09	-2.917724e+01	-4.117936e+02
6.570000e-06	-5.455386e-09	-1.467596e-09	-2.938998e+01	-4.144583e+02
6.580000e-06	-5.494533e-09	-1.476629e-09	-2.960080e+01	-4.169994e+02
6.590000e-06	-5.533178e-09	-1.485376e-09	-2.980899e+01	-4.194546e+02
6.600000e-06	-5.571205e-09	-1.493769e-09	-3.001393e+01	-4.218136e+02
6.610000e-06	-5.608588e-09	-1.501806e-09	-3.021537e+01	-4.240660e+02
6.620000e-06	-5.645395e-09	-1.509682e-09	-3.041364e+01	-4.262620e+02
6.630000e-06	-5.681739e-09	-1.517488e-09	-3.060937e+01	-4.284307e+02
6.640000e-06	-5.717744e-09	-1.525481e-09	-3.080324e+01	-4.306704e+02
6.650000e-06	-5.753488e-09	-1.533912e-09	-3.099571e+01	-4.330560e+02
6.660000e-06	-5.788957e-09	-1.542578e-09	-3.118667e+01	-4.355052e+02
6.670000e-06	-5.824082e-09	-1.550876e-09	-3.137582e+01	-4.378417e+02
6.680000e-06	-5.858801e-09	-1.558360e-09	-3.156280e+01	-4.399452e+02
6.690000e-06	-5.893082e-09	-1.565211e-09	-3.174740e+01	-4.418763e+02
6.700000e-06	-5.926935e-09	-1.571822e-09	-3.192972e+01	-4.437402e+02
6.710000e-06	-5.960365e-09	-1.578702e-09	-3.210978e+01	-4.456737e+02
6.720000e-06	-5.993360e-09	-1.586255e-09	-3.228749e+01	-4.478003e+02
6.730000e-06	-6.025927e-09	-1.594120e-09	-3.246286e+01	-4.500132e+02
6.740000e-06	-6.058120e-09	-1.601583e-09	-3.263619e+01	-4.521056e+02
6.750000e-06	-6.089990e-09	-1.608437e-09	-3.280780e+01	-4.540291e+02
6.760000e-06	-6.121517e-09	-1.614929e-09	-3.297755e+01	-4.558627e+02
6.770000e-06	-6.152608e-09	-1.621250e-09	-3.314495e+01	-4.576543e+02
6.780000e-06	-6.183142e-09	-1.627499e-09	-3.330935e+01	-4.594223e+02
6.790000e-06	-6.213012e-09	-1.633887e-09	-3.347015e+01	-4.612304e+02
6.800000e-06	-6.242189e-09	-1.640607e-09	-3.362717e+01	-4.631241e+02
6.810000e-06	-6.270766e-09	-1.647422e-09	-3.378099e+01	-4.650345e+02
6.820000e-06	-6.298924e-09	-1.653997e-09	-3.393258e+01	-4.668761e+02
6.830000e-06	-6.326793e-09	-1.660214e-09	-3.408257e+01	-4.686120e+02
6.840000e-06	-6.354380e-09	-1.666085e-09	-3.423105e+01	-4.702571e+02
6.850000e-06	-6.381599e-09	-1.671780e-09	-3.437753e+01	-4.718702e+02
6.860000e-06	-6.408359e-09	-1.677552e-09	-3.452151e+01	-4.735139e+02
6.870000e-06	-6.434629e-09	-1.683394e-09	-3.466289e+01	-4.751745e+02
6.880000e-06	-6.460439e-09	-1.688965e-09	-3.480184e+01	-4.767474e+02
6.890000e-06	-6.485788e-09	-1.694298e-09	-3.493829e+01	-4.782389e+02
6.900000e-06	-6.510650e-09	-1.699763e-09	-3.507209e+01	-4.797669e+02
6.910000e-06	-6.535065e-09	-1.705384e-09	-3.520349e+01	-4.813428e+02
6.920000e-06	-6.559135e-09	-1.710563e-09	-3.533304e+01	-4.827898e+02
6.930000e-06	-6.582919e-09	-1.714900e-09	-3.546102e+01	-4.839899e+02
6.940000e-06	-6.606358e-09	-1.719049e-09	-3.558718e+01	-4.851503e+02
6.950000e-06	-6.629297e-09	-1.723615e-09	-3.571068e+01	-4.864649e+02
6.960000e-06	-6.651571e-09	-1.728564e-09	-3.583065e+01	-4.878980e+02
6.970000e-06	-6.673104e-09	-1.733572e-09	-3.594666e+01	-4.893297e+02
6.980000e-06	-6.693947e-09	-1.738223e-09	-3.605891e+01	-4.906328e+02
6.990000e-06	-6.714264e-09	-1.742507e-09	-3.616828e+01	-4.918042e+02
7.000000e-06	-6.734227e-09	-1.746802e-09	-3.627573e+01	-4.929788e+02
7.010000e-06	-6.753887e-09	-1.751249e-09	-3.638151e+01	-4.942223e+02
7.020000e-06	-6.773169e-09	-1.755386e-09	-3.648525e+01	-4.953901e+02
7.030000e-06	-6.791981e-09	-1.759106e-09	-3.658645e+01	-4.964410e+02
7.040000e-06	-6.810308e-09	-1.762759e-09	-3.668507e+01	-4.974847e+02
7.050000e-06	-6.828199e-09	-1.766360e-09	-3.678135e+01	-4.985181e+02
7.060000e-06	-6.845641e-09	-1.769911e-09	-3.687521e+01	-4.995291e+02
7.070000e-06	-6.862593e-09	-1.773390e-09	-3.696643e+01	-5.005071e+02
7.080000e-06	-6.879088e-09	-1.776689e-09	-3.705521e+01	-5.014168e+02
7.090000e-06	-6.895210e-09	-1.780060e-09	-3.714196e+01	-5.023475e+02
7.100000e-06	-6.910998e-09	-1.783642e-09	-3.722692e+01	-5.033655e+02
7.110000e-06	-6.926358e-09	-1.787112e-09	-3.730958e+01	-5.043607e+02
7.120000e-06	-6.941081e-09	-1.789978e-09	-3.738878e+01	-5.051676e+02
7.130000e-06	-6.954998e-09	-1.792493e-09	-3.746364e+01	-5.058689e+02
7.140000e-06	-6.968106e-09	-1.795112e-09	-3.753411e+01	-5.066039e+02
7.150000e-06	-6.980577e-09	-1.797732e-09	-3.760114e+01	-5.073383e+02
7.160000e-06	-6.992566e-09	-1.800316e-09	-3.766562e+01	-5.080641e+02
7.170000e-06	-7.004081e-09	-1.802888e-09	-3.772760e+01	-5.087862e+02
7.180000e-06	-7.015073e-09	-1.805231e-09	-3.778677e+01	-5.094324e+02
7.190000e-06	-7.025553e-09	-1.807218e-09	-3.784317e+01	-5.099745e+02
7.200000e-06	-7.035571e-09	-1.809159e-09	-3.789705e+01	-5.105135e+02
7.210000e-06	-7.045140e-09	-1.811194e-09	-3.794853e+01	-5.110804e+02
7.220000e-06	-7.054228e-09	-1.813204e-09	-3.799742e+01	-5.116357e+02
7.230000e-06	-7.062825e-09	-1.815047e-09	-3.804366e+01	-5.121532e+02
7.240000e-06	-7.071007e-09	-1.816711e-09	-3.808766e+01	-5.126357e+02
7.250000e-06	-7.078858e-09	-1.818323e-09	-3.812988e+01	-5.130972e+02
7.260000e-06	-7.086339e-09	-1.820007e-09	-3.817010e+01	-5.135680e+02
7.270000e-06	-7.093296e-09	-1.821583e-09	-3.820750e+01	-5.140005e+02
7.280000e-06	-7.099551e-09	-1.822633e-09	-3.824113e+01	-5.142654e+02
7.290000e-06	-7.105022e-09	-1.823447e-09	-3.827052e+01	-5.144672e+02
7.300000e-06	-7.109793e-09	-1.824573e-09	-3.829617e+01	-5.147878e+02
7.310000e-06	-7.114048e-09	-1.825762e-09	-3.831903e+01	-5.151371e+02
7.320000e-06	-7.117947e-09	-1.826643e-09	-3.833997e+01	-5.153862e+02
7.330000e-06	-7.121507e-09	-1.827043e-09	-3.835906e+01	-5.154885e+02
7.340000e-06	-7.124637e-09	-1.827101e-09	-3.837579e+01	-5.154913e+02
7.350000e-06	-7.127279e-09	-1.827462e-09	-3.838990e+01	-5.155855e+02
7.360000e-06	-7.129458e-09	-1.828146e-09	-3.840155e+01	-5.157672e+02
7.370000e-06	-7.131211e-09	-1.828615e-09	-3.841091e+01	-5.158834e+02
7.380000e-06	-7.132458e-09	-1.828999e-09	-3.841753e+01	-5.159878e+02
7.390000e-06	-7.133138e-09	-1.829413e-09	-3.842109e+01	-5.161069e+02
