# Temperatura_=_18.223076923076924
# Concentracion g/m^3_=_8100.0
# C_Vs_to_Am_M_A/Vsm_=_254322799225.57578
# pendiente_HvsI_1/m_=_3716.3
# ordenada_HvsI_A/m_=_1297.0
# frecuencia_Hz_=_135179.35260313182
# Promedio de 26 ciclos

Tiempo_(s)	Campo_(V.s)	Magnetizacion_(V.s)	Campo_(kA/m)	Magnetizacion_(A/m)
0.000000e+00	-7.112949e-09	-1.639571e-09	-3.843677e+01	-4.547818e+02
1.000000e-08	-7.113077e-09	-1.639667e-09	-3.843745e+01	-4.548130e+02
2.000000e-08	-7.112878e-09	-1.639400e-09	-3.843635e+01	-4.547535e+02
3.000000e-08	-7.112252e-09	-1.639294e-09	-3.843302e+01	-4.547404e+02
4.000000e-08	-7.111044e-09	-1.639154e-09	-3.842662e+01	-4.546955e+02
5.000000e-08	-7.109089e-09	-1.638972e-09	-3.841621e+01	-4.546222e+02
6.000000e-08	-7.106371e-09	-1.639579e-09	-3.840167e+01	-4.547247e+02
7.000000e-08	-7.103047e-09	-1.640767e-09	-3.838382e+01	-4.548952e+02
8.000000e-08	-7.099225e-09	-1.638764e-09	-3.836318e+01	-4.543724e+02
9.000000e-08	-7.094867e-09	-1.628598e-09	-3.833965e+01	-4.522525e+02
1.000000e-07	-7.089837e-09	-1.623757e-09	-3.831254e+01	-4.514167e+02
1.100000e-07	-7.084204e-09	-1.641089e-09	-3.828218e+01	-4.549895e+02
1.200000e-07	-7.078266e-09	-1.653552e-09	-3.825013e+01	-4.571735e+02
1.300000e-07	-7.072103e-09	-1.628477e-09	-3.821678e+01	-4.516578e+02
1.400000e-07	-7.065465e-09	-1.610361e-09	-3.818090e+01	-4.483995e+02
1.500000e-07	-7.058230e-09	-1.638624e-09	-3.814185e+01	-4.546169e+02
1.600000e-07	-7.050569e-09	-1.656255e-09	-3.810049e+01	-4.575588e+02
1.700000e-07	-7.042614e-09	-1.622034e-09	-3.805746e+01	-4.500906e+02
1.800000e-07	-7.034252e-09	-1.601575e-09	-3.801226e+01	-4.466318e+02
1.900000e-07	-7.025310e-09	-1.635187e-09	-3.796407e+01	-4.538939e+02
2.000000e-07	-7.015819e-09	-1.649729e-09	-3.791292e+01	-4.558733e+02
2.100000e-07	-7.005793e-09	-1.613482e-09	-3.785879e+01	-4.479772e+02
2.200000e-07	-6.994991e-09	-1.604388e-09	-3.780053e+01	-4.469884e+02
2.300000e-07	-6.983447e-09	-1.638395e-09	-3.773831e+01	-4.541780e+02
2.400000e-07	-6.971415e-09	-1.633327e-09	-3.767335e+01	-4.520271e+02
2.500000e-07	-6.958895e-09	-1.597253e-09	-3.760567e+01	-4.443408e+02
2.600000e-07	-6.945758e-09	-1.609055e-09	-3.753472e+01	-4.475047e+02
2.700000e-07	-6.932025e-09	-1.636180e-09	-3.746058e+01	-4.527297e+02
2.800000e-07	-6.917766e-09	-1.612143e-09	-3.738360e+01	-4.467374e+02
2.900000e-07	-6.902845e-09	-1.593154e-09	-3.730307e+01	-4.430688e+02
3.000000e-07	-6.887110e-09	-1.620661e-09	-3.721822e+01	-4.492836e+02
3.100000e-07	-6.870720e-09	-1.621731e-09	-3.712980e+01	-4.488400e+02
3.200000e-07	-6.853850e-09	-1.589473e-09	-3.703868e+01	-4.417640e+02
3.300000e-07	-6.836556e-09	-1.601552e-09	-3.694522e+01	-4.448514e+02
3.400000e-07	-6.818926e-09	-1.625157e-09	-3.684992e+01	-4.494499e+02
3.500000e-07	-6.800922e-09	-1.596411e-09	-3.675259e+01	-4.426034e+02
3.600000e-07	-6.782379e-09	-1.579357e-09	-3.665242e+01	-4.393417e+02
3.700000e-07	-6.763269e-09	-1.609523e-09	-3.654923e+01	-4.459373e+02
3.800000e-07	-6.743745e-09	-1.604940e-09	-3.644376e+01	-4.440352e+02
3.900000e-07	-6.723900e-09	-1.570150e-09	-3.633647e+01	-4.364051e+02
4.000000e-07	-6.703726e-09	-1.584660e-09	-3.622741e+01	-4.402084e+02
4.100000e-07	-6.683170e-09	-1.605737e-09	-3.611631e+01	-4.443647e+02
4.200000e-07	-6.662175e-09	-1.579252e-09	-3.600284e+01	-4.378238e+02
4.300000e-07	-6.640694e-09	-1.568477e-09	-3.588675e+01	-4.356679e+02
4.400000e-07	-6.618739e-09	-1.586585e-09	-3.576808e+01	-4.396884e+02
4.500000e-07	-6.596330e-09	-1.573249e-09	-3.564698e+01	-4.361512e+02
4.600000e-07	-6.573435e-09	-1.556487e-09	-3.552324e+01	-4.323431e+02
4.700000e-07	-6.550068e-09	-1.571899e-09	-3.539695e+01	-4.358024e+02
4.800000e-07	-6.526338e-09	-1.568532e-09	-3.526871e+01	-4.345802e+02
4.900000e-07	-6.502309e-09	-1.546040e-09	-3.513882e+01	-4.293445e+02
5.000000e-07	-6.477887e-09	-1.554839e-09	-3.500687e+01	-4.314350e+02
5.100000e-07	-6.452896e-09	-1.562370e-09	-3.487193e+01	-4.327640e+02
5.200000e-07	-6.427195e-09	-1.540253e-09	-3.473319e+01	-4.273622e+02
5.300000e-07	-6.400764e-09	-1.534145e-09	-3.459052e+01	-4.259565e+02
5.400000e-07	-6.373693e-09	-1.543684e-09	-3.444437e+01	-4.279725e+02
5.500000e-07	-6.346138e-09	-1.532690e-09	-3.429555e+01	-4.251336e+02
5.600000e-07	-6.318244e-09	-1.524198e-09	-3.414481e+01	-4.230187e+02
5.700000e-07	-6.290058e-09	-1.529145e-09	-3.399247e+01	-4.239403e+02
5.800000e-07	-6.261517e-09	-1.519360e-09	-3.383821e+01	-4.214293e+02
5.900000e-07	-6.232544e-09	-1.507859e-09	-3.368165e+01	-4.186193e+02
6.000000e-07	-6.203134e-09	-1.512393e-09	-3.352276e+01	-4.194516e+02
6.100000e-07	-6.173317e-09	-1.508473e-09	-3.336166e+01	-4.182838e+02
6.200000e-07	-6.143111e-09	-1.495990e-09	-3.319844e+01	-4.151959e+02
6.300000e-07	-6.112476e-09	-1.495102e-09	-3.303291e+01	-4.147461e+02
6.400000e-07	-6.081415e-09	-1.492750e-09	-3.286509e+01	-4.139524e+02
6.500000e-07	-6.049966e-09	-1.482384e-09	-3.269516e+01	-4.113890e+02
6.600000e-07	-6.018193e-09	-1.479046e-09	-3.252344e+01	-4.103818e+02
6.700000e-07	-5.986131e-09	-1.476403e-09	-3.235015e+01	-4.094756e+02
6.800000e-07	-5.953700e-09	-1.466850e-09	-3.217488e+01	-4.070620e+02
6.900000e-07	-5.920759e-09	-1.462373e-09	-3.199692e+01	-4.058178e+02
7.000000e-07	-5.887177e-09	-1.460812e-09	-3.181557e+01	-4.051542e+02
7.100000e-07	-5.852904e-09	-1.452377e-09	-3.163054e+01	-4.029283e+02
7.200000e-07	-5.818011e-09	-1.444094e-09	-3.144215e+01	-4.007411e+02
7.300000e-07	-5.782656e-09	-1.439897e-09	-3.125119e+01	-3.994775e+02
7.400000e-07	-5.746964e-09	-1.433505e-09	-3.105830e+01	-3.977777e+02
7.500000e-07	-5.711006e-09	-1.427320e-09	-3.086393e+01	-3.961461e+02
7.600000e-07	-5.674791e-09	-1.423513e-09	-3.066818e+01	-3.949515e+02
7.700000e-07	-5.638233e-09	-1.417151e-09	-3.047062e+01	-3.931362e+02
7.800000e-07	-5.601241e-09	-1.408882e-09	-3.027077e+01	-3.909313e+02
7.900000e-07	-5.563812e-09	-1.402690e-09	-3.006855e+01	-3.892135e+02
8.000000e-07	-5.525987e-09	-1.396865e-09	-2.986416e+01	-3.875542e+02
8.100000e-07	-5.487776e-09	-1.389955e-09	-2.965770e+01	-3.856556e+02
8.200000e-07	-5.449155e-09	-1.383225e-09	-2.944903e+01	-3.838139e+02
8.300000e-07	-5.410118e-09	-1.377268e-09	-2.923808e+01	-3.821646e+02
8.400000e-07	-5.370713e-09	-1.371422e-09	-2.902512e+01	-3.805297e+02
8.500000e-07	-5.331007e-09	-1.364865e-09	-2.881049e+01	-3.786881e+02
8.600000e-07	-5.291054e-09	-1.356811e-09	-2.859453e+01	-3.764596e+02
8.700000e-07	-5.250886e-09	-1.348089e-09	-2.837741e+01	-3.740754e+02
8.800000e-07	-5.210460e-09	-1.340129e-09	-2.815896e+01	-3.718929e+02
8.900000e-07	-5.169645e-09	-1.333233e-09	-2.793844e+01	-3.699834e+02
9.000000e-07	-5.128258e-09	-1.326721e-09	-2.771489e+01	-3.681492e+02
9.100000e-07	-5.086214e-09	-1.319414e-09	-2.748786e+01	-3.660939e+02
9.200000e-07	-5.043593e-09	-1.310909e-09	-2.725763e+01	-3.637593e+02
9.300000e-07	-5.000497e-09	-1.302441e-09	-2.702480e+01	-3.614470e+02
9.400000e-07	-4.957017e-09	-1.294757e-09	-2.678989e+01	-3.593122e+02
9.500000e-07	-4.913242e-09	-1.287028e-09	-2.655332e+01	-3.571394e+02
9.600000e-07	-4.869216e-09	-1.278969e-09	-2.631535e+01	-3.548862e+02
9.700000e-07	-4.824938e-09	-1.271222e-09	-2.607604e+01	-3.527312e+02
9.800000e-07	-4.780376e-09	-1.263724e-09	-2.583524e+01	-3.506636e+02
9.900000e-07	-4.735488e-09	-1.255799e-09	-2.559270e+01	-3.484885e+02
1.000000e-06	-4.690283e-09	-1.247330e-09	-2.534844e+01	-3.461435e+02
1.010000e-06	-4.644753e-09	-1.238020e-09	-2.510239e+01	-3.435666e+02
1.020000e-06	-4.598921e-09	-1.228548e-09	-2.485472e+01	-3.409631e+02
1.030000e-06	-4.552807e-09	-1.220022e-09	-2.460556e+01	-3.385949e+02
1.040000e-06	-4.506386e-09	-1.212226e-09	-2.435471e+01	-3.363942e+02
1.050000e-06	-4.459609e-09	-1.204004e-09	-2.410194e+01	-3.340874e+02
1.060000e-06	-4.412482e-09	-1.194666e-09	-2.384729e+01	-3.315096e+02
1.070000e-06	-4.365071e-09	-1.184615e-09	-2.359107e+01	-3.287592e+02
1.080000e-06	-4.317397e-09	-1.174703e-09	-2.333337e+01	-3.260557e+02
1.090000e-06	-4.269487e-09	-1.165281e-09	-2.307439e+01	-3.234672e+02
1.100000e-06	-4.221337e-09	-1.155994e-09	-2.281418e+01	-3.208825e+02
1.110000e-06	-4.172906e-09	-1.146741e-09	-2.255257e+01	-3.182915e+02
1.120000e-06	-4.124147e-09	-1.138012e-09	-2.228924e+01	-3.158522e+02
1.130000e-06	-4.075002e-09	-1.129097e-09	-2.202387e+01	-3.133790e+02
1.140000e-06	-4.025415e-09	-1.119299e-09	-2.175611e+01	-3.106670e+02
1.150000e-06	-3.975356e-09	-1.108741e-09	-2.148572e+01	-3.077529e+02
1.160000e-06	-3.924849e-09	-1.097828e-09	-2.121292e+01	-3.047552e+02
1.170000e-06	-3.873931e-09	-1.087096e-09	-2.093792e+01	-3.018022e+02
1.180000e-06	-3.822650e-09	-1.077097e-09	-2.066089e+01	-2.990293e+02
1.190000e-06	-3.771072e-09	-1.067801e-09	-2.038222e+01	-2.964251e+02
1.200000e-06	-3.719218e-09	-1.058337e-09	-2.010205e+01	-2.937614e+02
1.210000e-06	-3.667093e-09	-1.048125e-09	-1.982042e+01	-2.909108e+02
1.220000e-06	-3.614701e-09	-1.037229e-09	-1.953737e+01	-2.879118e+02
1.230000e-06	-3.562042e-09	-1.025963e-09	-1.925289e+01	-2.848197e+02
1.240000e-06	-3.509135e-09	-1.014671e-09	-1.896708e+01	-2.817039e+02
1.250000e-06	-3.455975e-09	-1.003587e-09	-1.867991e+01	-2.786445e+02
1.260000e-06	-3.402566e-09	-9.929224e-10	-1.839139e+01	-2.756850e+02
1.270000e-06	-3.348934e-09	-9.823426e-10	-1.810165e+01	-2.727351e+02
1.280000e-06	-3.295092e-09	-9.711355e-10	-1.781076e+01	-2.696230e+02
1.290000e-06	-3.241035e-09	-9.596651e-10	-1.751870e+01	-2.664357e+02
1.300000e-06	-3.186762e-09	-9.481120e-10	-1.722546e+01	-2.632272e+02
1.310000e-06	-3.132279e-09	-9.358123e-10	-1.693113e+01	-2.598469e+02
1.320000e-06	-3.077575e-09	-9.232433e-10	-1.663560e+01	-2.563976e+02
1.330000e-06	-3.022646e-09	-9.115199e-10	-1.633879e+01	-2.531463e+02
1.340000e-06	-2.967487e-09	-8.999705e-10	-1.604074e+01	-2.499352e+02
1.350000e-06	-2.912102e-09	-8.880994e-10	-1.574146e+01	-2.466436e+02
1.360000e-06	-2.856532e-09	-8.763784e-10	-1.544115e+01	-2.433867e+02
1.370000e-06	-2.800804e-09	-8.642240e-10	-1.513996e+01	-2.400239e+02
1.380000e-06	-2.744941e-09	-8.513435e-10	-1.483800e+01	-2.364718e+02
1.390000e-06	-2.688981e-09	-8.387491e-10	-1.453552e+01	-2.329891e+02
1.400000e-06	-2.632930e-09	-8.267411e-10	-1.423258e+01	-2.296521e+02
1.410000e-06	-2.576770e-09	-8.143404e-10	-1.392908e+01	-2.262120e+02
1.420000e-06	-2.520493e-09	-8.012121e-10	-1.362497e+01	-2.225889e+02
1.430000e-06	-2.464074e-09	-7.878795e-10	-1.332014e+01	-2.189085e+02
1.440000e-06	-2.407475e-09	-7.744046e-10	-1.301439e+01	-2.151762e+02
1.450000e-06	-2.350679e-09	-7.610567e-10	-1.270765e+01	-2.114674e+02
1.460000e-06	-2.293661e-09	-7.482206e-10	-1.239976e+01	-2.078947e+02
1.470000e-06	-2.236382e-09	-7.351090e-10	-1.209054e+01	-2.042520e+02
1.480000e-06	-2.178833e-09	-7.215827e-10	-1.177987e+01	-2.004971e+02
1.490000e-06	-2.120996e-09	-7.082059e-10	-1.146763e+01	-1.967776e+02
1.500000e-06	-2.062876e-09	-6.945236e-10	-1.115384e+01	-1.929752e+02
1.510000e-06	-2.004485e-09	-6.803101e-10	-1.083858e+01	-1.890365e+02
1.520000e-06	-1.945848e-09	-6.661279e-10	-1.052199e+01	-1.851190e+02
1.530000e-06	-1.887015e-09	-6.522291e-10	-1.020428e+01	-1.812732e+02
1.540000e-06	-1.828021e-09	-6.382756e-10	-9.885587e+00	-1.773944e+02
1.550000e-06	-1.768872e-09	-6.245835e-10	-9.566023e+00	-1.735716e+02
1.560000e-06	-1.709586e-09	-6.107845e-10	-9.245704e+00	-1.697460e+02
1.570000e-06	-1.650180e-09	-5.958580e-10	-8.924707e+00	-1.656488e+02
1.580000e-06	-1.590657e-09	-5.804835e-10	-8.603045e+00	-1.614155e+02
1.590000e-06	-1.531034e-09	-5.653528e-10	-8.280796e+00	-1.572177e+02
1.600000e-06	-1.471321e-09	-5.503407e-10	-7.958059e+00	-1.530342e+02
1.610000e-06	-1.411537e-09	-5.359576e-10	-7.634941e+00	-1.490166e+02
1.620000e-06	-1.351695e-09	-5.221790e-10	-7.311481e+00	-1.451752e+02
1.630000e-06	-1.291801e-09	-5.081113e-10	-6.987719e+00	-1.412760e+02
1.640000e-06	-1.231855e-09	-4.936600e-10	-6.663694e+00	-1.372657e+02
1.650000e-06	-1.171852e-09	-4.787102e-10	-6.339367e+00	-1.331115e+02
1.660000e-06	-1.111796e-09	-4.629191e-10	-6.014764e+00	-1.287547e+02
1.670000e-06	-1.051699e-09	-4.469308e-10	-5.689928e+00	-1.243479e+02
1.680000e-06	-9.915737e-10	-4.315071e-10	-5.364916e+00	-1.200667e+02
1.690000e-06	-9.314122e-10	-4.166562e-10	-5.039727e+00	-1.159148e+02
1.700000e-06	-8.712062e-10	-4.020290e-10	-4.714331e+00	-1.118128e+02
1.710000e-06	-8.109598e-10	-3.870792e-10	-4.388758e+00	-1.076393e+02
1.720000e-06	-7.506698e-10	-3.716162e-10	-4.062984e+00	-1.033648e+02
1.730000e-06	-6.903466e-10	-3.559880e-10	-3.737012e+00	-9.905971e+01
1.740000e-06	-6.299889e-10	-3.403160e-10	-3.410826e+00	-9.471717e+01
1.750000e-06	-5.695753e-10	-3.243328e-10	-3.084354e+00	-9.028017e+01
1.760000e-06	-5.091193e-10	-3.080682e-10	-2.757663e+00	-8.578061e+01
1.770000e-06	-4.486304e-10	-2.920165e-10	-2.430802e+00	-8.134361e+01
1.780000e-06	-3.881097e-10	-2.765342e-10	-2.103801e+00	-7.704207e+01
1.790000e-06	-3.275714e-10	-2.613238e-10	-1.776696e+00	-7.279528e+01
1.800000e-06	-2.670290e-10	-2.459378e-10	-1.449547e+00	-6.850249e+01
1.810000e-06	-2.064682e-10	-2.302323e-10	-1.122343e+00	-6.413776e+01
1.820000e-06	-1.458897e-10	-2.143449e-10	-7.950738e-01	-5.973707e+01
1.830000e-06	-8.532637e-11	-1.985230e-10	-4.678541e-01	-5.535243e+01
1.840000e-06	-2.477246e-11	-1.828182e-10	-1.406303e-01	-5.098672e+01
1.850000e-06	3.577653e-11	-1.671225e-10	1.865583e-01	-4.662091e+01
1.860000e-06	9.632890e-11	-1.512565e-10	5.137188e-01	-4.221929e+01
1.870000e-06	1.568886e-10	-1.354365e-10	8.409176e-01	-3.782507e+01
1.880000e-06	2.174478e-10	-1.199093e-10	1.168113e+00	-3.349659e+01
1.890000e-06	2.780011e-10	-1.038782e-10	1.495259e+00	-2.904451e+01
1.900000e-06	3.385209e-10	-8.725938e-11	1.822244e+00	-2.444414e+01
1.910000e-06	3.990191e-10	-7.099019e-11	2.149135e+00	-1.992832e+01
1.920000e-06	4.594940e-10	-5.498973e-11	2.475914e+00	-1.547882e+01
1.930000e-06	5.199390e-10	-3.875240e-11	2.802546e+00	-1.096859e+01
1.940000e-06	5.803631e-10	-2.231810e-11	3.129048e+00	-6.406035e+00
1.950000e-06	6.407421e-10	-6.001680e-12	3.455292e+00	-1.869983e+00
1.960000e-06	7.010639e-10	1.030052e-11	3.781258e+00	2.665174e+00
1.970000e-06	7.613343e-10	2.687911e-11	4.107001e+00	7.273925e+00
1.980000e-06	8.215672e-10	4.422681e-11	4.432528e+00	1.206810e+01
1.990000e-06	8.817601e-10	6.160138e-11	4.757806e+00	1.686603e+01
2.000000e-06	9.419114e-10	7.792393e-11	5.082868e+00	2.140389e+01
2.010000e-06	1.002031e-09	9.387816e-11	5.407769e+00	2.584898e+01
2.020000e-06	1.062115e-09	1.097935e-10	5.732500e+00	3.029720e+01
2.030000e-06	1.122151e-09	1.257068e-10	6.057005e+00	3.475242e+01
2.040000e-06	1.182138e-09	1.425571e-10	6.381275e+00	3.943238e+01
2.050000e-06	1.242076e-09	1.603720e-10	6.705288e+00	4.435716e+01
2.060000e-06	1.301962e-09	1.778839e-10	7.029018e+00	4.921395e+01
2.070000e-06	1.361796e-09	1.950265e-10	7.352451e+00	5.397158e+01
2.080000e-06	1.421567e-09	2.124089e-10	7.675518e+00	5.878576e+01
2.090000e-06	1.481265e-09	2.296141e-10	7.998173e+00	6.356195e+01
2.100000e-06	1.540886e-09	2.464324e-10	8.320398e+00	6.824090e+01
2.110000e-06	1.600413e-09	2.634241e-10	8.642098e+00	7.296750e+01
2.120000e-06	1.659819e-09	2.806560e-10	8.963119e+00	7.777294e+01
2.130000e-06	1.719096e-09	2.978933e-10	9.283383e+00	8.257424e+01
2.140000e-06	1.778237e-09	3.155832e-10	9.602888e+00	8.746672e+01
2.150000e-06	1.837227e-09	3.338484e-10	9.921569e+00	9.251148e+01
2.160000e-06	1.896051e-09	3.518127e-10	1.023931e+01	9.750216e+01
2.170000e-06	1.954701e-09	3.691564e-10	1.055607e+01	1.023408e+02
2.180000e-06	2.013155e-09	3.863093e-10	1.087176e+01	1.071235e+02
2.190000e-06	2.071370e-09	4.036651e-10	1.118612e+01	1.119489e+02
2.200000e-06	2.129314e-09	4.210470e-10	1.149896e+01	1.167781e+02
2.210000e-06	2.186967e-09	4.387371e-10	1.181023e+01	1.216838e+02
2.220000e-06	2.244336e-09	4.570753e-10	1.212001e+01	1.267605e+02
2.230000e-06	2.301452e-09	4.751466e-10	1.242848e+01	1.317695e+02
2.240000e-06	2.358321e-09	4.925499e-10	1.273569e+01	1.365956e+02
2.250000e-06	2.414971e-09	5.094813e-10	1.304174e+01	1.413177e+02
2.260000e-06	2.471430e-09	5.259548e-10	1.334675e+01	1.459466e+02
2.270000e-06	2.527703e-09	5.422539e-10	1.365080e+01	1.505107e+02
2.280000e-06	2.583846e-09	5.592194e-10	1.395418e+01	1.552099e+02
2.290000e-06	2.639886e-09	5.770340e-10	1.425704e+01	1.601193e+02
2.300000e-06	2.695807e-09	5.948624e-10	1.455931e+01	1.650452e+02
2.310000e-06	2.751606e-09	6.123640e-10	1.486095e+01	1.698915e+02
2.320000e-06	2.807280e-09	6.294519e-10	1.516190e+01	1.746248e+02
2.330000e-06	2.862803e-09	6.458412e-10	1.546204e+01	1.791739e+02
2.340000e-06	2.918147e-09	6.617926e-10	1.576120e+01	1.836138e+02
2.350000e-06	2.973289e-09	6.774629e-10	1.605922e+01	1.879914e+02
2.360000e-06	3.028220e-09	6.930161e-10	1.635605e+01	1.923379e+02
2.370000e-06	3.082933e-09	7.090906e-10	1.665167e+01	1.968022e+02
2.380000e-06	3.137414e-09	7.255808e-10	1.694606e+01	2.013473e+02
2.390000e-06	3.191681e-09	7.420250e-10	1.723932e+01	2.058725e+02
2.400000e-06	3.245750e-09	7.583625e-10	1.753154e+01	2.103880e+02
2.410000e-06	3.299609e-09	7.743520e-10	1.782263e+01	2.148199e+02
2.420000e-06	3.353254e-09	7.893185e-10	1.811252e+01	2.189791e+02
2.430000e-06	3.406674e-09	8.029370e-10	1.840118e+01	2.227906e+02
2.440000e-06	3.459850e-09	8.162835e-10	1.868848e+01	2.265347e+02
2.450000e-06	3.512770e-09	8.304222e-10	1.897438e+01	2.304710e+02
2.460000e-06	3.565414e-09	8.453032e-10	1.925880e+01	2.345801e+02
2.470000e-06	3.617773e-09	8.605608e-10	1.954172e+01	2.387636e+02
2.480000e-06	3.669879e-09	8.756437e-10	1.982329e+01	2.429010e+02
2.490000e-06	3.721738e-09	8.900647e-10	2.010355e+01	2.468849e+02
2.500000e-06	3.773310e-09	9.034419e-10	2.038226e+01	2.506123e+02
2.510000e-06	3.824530e-09	9.158342e-10	2.065904e+01	2.540934e+02
2.520000e-06	3.875346e-09	9.276619e-10	2.093356e+01	2.574171e+02
2.530000e-06	3.925716e-09	9.396588e-10	2.120566e+01	2.607612e+02
2.540000e-06	3.975646e-09	9.527343e-10	2.147537e+01	2.643780e+02
2.550000e-06	4.025126e-09	9.668465e-10	2.174264e+01	2.682646e+02
2.560000e-06	4.074157e-09	9.807983e-10	2.200752e+01	2.721047e+02
2.570000e-06	4.122811e-09	9.935811e-10	2.227043e+01	2.756349e+02
2.580000e-06	4.171161e-09	1.005420e-09	2.253178e+01	2.789125e+02
2.590000e-06	4.219282e-09	1.016866e-09	2.279192e+01	2.820952e+02
2.600000e-06	4.267199e-09	1.028323e-09	2.305096e+01	2.852942e+02
2.610000e-06	4.314898e-09	1.039944e-09	2.330880e+01	2.885305e+02
2.620000e-06	4.362342e-09	1.051426e-09	2.356524e+01	2.917173e+02
2.630000e-06	4.409479e-09	1.062885e-09	2.382007e+01	2.948884e+02
2.640000e-06	4.456284e-09	1.074671e-09	2.407310e+01	2.981390e+02
2.650000e-06	4.502752e-09	1.086646e-09	2.432424e+01	3.014356e+02
2.660000e-06	4.548890e-09	1.097995e-09	2.457362e+01	3.045747e+02
2.670000e-06	4.594720e-09	1.108243e-09	2.482138e+01	3.074259e+02
2.680000e-06	4.640249e-09	1.117902e-09	2.506751e+01	3.101090e+02
2.690000e-06	4.685469e-09	1.127721e-09	2.531199e+01	3.128325e+02
2.700000e-06	4.730370e-09	1.138073e-09	2.555471e+01	3.157081e+02
2.710000e-06	4.774953e-09	1.148665e-09	2.579569e+01	3.186480e+02
2.720000e-06	4.819261e-09	1.159034e-09	2.603523e+01	3.215153e+02
2.730000e-06	4.863356e-09	1.169356e-09	2.627368e+01	3.243613e+02
2.740000e-06	4.907275e-09	1.179939e-09	2.651118e+01	3.272798e+02
2.750000e-06	4.950974e-09	1.190619e-09	2.674745e+01	3.302276e+02
2.760000e-06	4.994354e-09	1.200754e-09	2.698191e+01	3.330356e+02
2.770000e-06	5.037309e-09	1.209560e-09	2.721402e+01	3.354959e+02
2.780000e-06	5.079717e-09	1.217449e-09	2.744313e+01	3.377070e+02
2.790000e-06	5.121504e-09	1.225937e-09	2.766885e+01	3.400691e+02
2.800000e-06	5.162697e-09	1.235424e-09	2.789141e+01	3.426994e+02
2.810000e-06	5.203376e-09	1.245021e-09	2.811130e+01	3.453636e+02
2.820000e-06	5.243680e-09	1.254508e-09	2.832922e+01	3.479885e+02
2.830000e-06	5.283727e-09	1.263915e-09	2.854577e+01	3.505809e+02
2.840000e-06	5.323547e-09	1.272941e-09	2.876109e+01	3.530737e+02
2.850000e-06	5.363114e-09	1.281747e-09	2.897503e+01	3.555062e+02
2.860000e-06	5.402352e-09	1.290084e-09	2.918718e+01	3.578155e+02
2.870000e-06	5.441204e-09	1.297698e-09	2.939720e+01	3.599309e+02
2.880000e-06	5.479649e-09	1.305374e-09	2.960505e+01	3.620549e+02
2.890000e-06	5.517705e-09	1.313786e-09	2.981081e+01	3.643793e+02
2.900000e-06	5.555371e-09	1.322913e-09	3.001445e+01	3.669072e+02
2.910000e-06	5.592615e-09	1.332004e-09	3.021577e+01	3.694357e+02
2.920000e-06	5.629451e-09	1.340503e-09	3.041492e+01	3.717884e+02
2.930000e-06	5.665916e-09	1.348250e-09	3.061209e+01	3.739229e+02
2.940000e-06	5.702095e-09	1.355248e-09	3.080770e+01	3.758661e+02
2.950000e-06	5.738041e-09	1.362039e-09	3.100208e+01	3.777586e+02
2.960000e-06	5.773729e-09	1.368985e-09	3.119503e+01	3.796881e+02
2.970000e-06	5.809060e-09	1.376189e-09	3.138603e+01	3.816886e+02
2.980000e-06	5.843897e-09	1.383799e-09	3.157433e+01	3.837999e+02
2.990000e-06	5.878107e-09	1.391750e-09	3.175920e+01	3.860046e+02
3.000000e-06	5.911624e-09	1.399824e-09	3.194035e+01	3.882359e+02
3.010000e-06	5.944529e-09	1.407737e-09	3.211819e+01	3.904144e+02
3.020000e-06	5.976958e-09	1.414811e-09	3.229350e+01	3.923649e+02
3.030000e-06	6.009047e-09	1.421012e-09	3.246702e+01	3.940826e+02
3.040000e-06	6.040858e-09	1.427196e-09	3.263904e+01	3.958063e+02
3.050000e-06	6.072336e-09	1.433710e-09	3.280922e+01	3.976278e+02
3.060000e-06	6.103393e-09	1.440268e-09	3.297715e+01	3.994558e+02
3.070000e-06	6.134011e-09	1.446616e-09	3.314272e+01	4.012204e+02
3.080000e-06	6.164196e-09	1.453051e-09	3.330590e+01	4.030058e+02
3.090000e-06	6.193950e-09	1.459690e-09	3.346674e+01	4.048379e+02
3.100000e-06	6.223293e-09	1.466316e-09	3.362541e+01	4.066576e+02
3.110000e-06	6.252229e-09	1.473042e-09	3.378187e+01	4.084954e+02
3.120000e-06	6.280771e-09	1.479361e-09	3.393619e+01	4.102243e+02
3.130000e-06	6.308989e-09	1.484825e-09	3.408878e+01	4.117410e+02
3.140000e-06	6.336943e-09	1.490105e-09	3.423993e+01	4.132215e+02
3.150000e-06	6.364601e-09	1.495270e-09	3.438945e+01	4.146740e+02
3.160000e-06	6.391829e-09	1.500092e-09	3.453660e+01	4.160314e+02
3.170000e-06	6.418435e-09	1.505228e-09	3.468032e+01	4.174576e+02
3.180000e-06	6.444271e-09	1.510974e-09	3.481990e+01	4.190389e+02
3.190000e-06	6.469352e-09	1.516756e-09	3.495550e+01	4.206298e+02
3.200000e-06	6.493852e-09	1.522230e-09	3.508797e+01	4.221353e+02
3.210000e-06	6.517931e-09	1.527493e-09	3.521817e+01	4.235802e+02
3.220000e-06	6.541653e-09	1.532316e-09	3.534643e+01	4.249110e+02
3.230000e-06	6.564986e-09	1.536532e-09	3.547258e+01	4.260947e+02
3.240000e-06	6.587853e-09	1.540607e-09	3.559622e+01	4.272478e+02
3.250000e-06	6.610244e-09	1.545168e-09	3.571731e+01	4.285212e+02
3.260000e-06	6.632209e-09	1.550155e-09	3.583610e+01	4.298972e+02
3.270000e-06	6.653762e-09	1.554899e-09	3.595258e+01	4.312069e+02
3.280000e-06	6.674859e-09	1.559478e-09	3.606664e+01	4.324584e+02
3.290000e-06	6.695496e-09	1.563994e-09	3.617828e+01	4.336863e+02
3.300000e-06	6.715762e-09	1.567879e-09	3.628790e+01	4.347711e+02
3.310000e-06	6.735732e-09	1.571287e-09	3.639588e+01	4.357412e+02
3.320000e-06	6.755372e-09	1.574485e-09	3.650203e+01	4.366546e+02
3.330000e-06	6.774559e-09	1.577675e-09	3.660572e+01	4.375568e+02
3.340000e-06	6.793198e-09	1.581365e-09	3.670648e+01	4.385730e+02
3.350000e-06	6.811279e-09	1.585326e-09	3.680425e+01	4.396596e+02
3.360000e-06	6.828844e-09	1.589011e-09	3.689927e+01	4.406668e+02
3.370000e-06	6.845999e-09	1.592295e-09	3.699210e+01	4.415599e+02
3.380000e-06	6.862792e-09	1.595376e-09	3.708294e+01	4.424050e+02
3.390000e-06	6.879139e-09	1.598186e-09	3.717133e+01	4.431992e+02
3.400000e-06	6.894903e-09	1.600578e-09	3.725658e+01	4.438962e+02
3.410000e-06	6.910023e-09	1.602781e-09	3.733837e+01	4.445293e+02
3.420000e-06	6.924543e-09	1.605131e-09	3.741694e+01	4.451806e+02
3.430000e-06	6.938529e-09	1.607685e-09	3.749262e+01	4.458797e+02
3.440000e-06	6.952000e-09	1.610503e-09	3.756552e+01	4.466433e+02
3.450000e-06	6.964947e-09	1.613511e-09	3.763560e+01	4.474552e+02
3.460000e-06	6.977400e-09	1.616203e-09	3.770300e+01	4.481907e+02
3.470000e-06	6.989388e-09	1.618440e-09	3.776784e+01	4.488097e+02
3.480000e-06	7.000888e-09	1.620600e-09	3.783001e+01	4.494074e+02
3.490000e-06	7.011784e-09	1.622602e-09	3.788892e+01	4.499686e+02
3.500000e-06	7.021922e-09	1.624300e-09	3.794376e+01	4.504545e+02
3.510000e-06	7.031268e-09	1.625981e-09	3.799439e+01	4.509226e+02
3.520000e-06	7.039949e-09	1.627477e-09	3.804145e+01	4.513294e+02
3.530000e-06	7.048163e-09	1.628601e-09	3.808598e+01	4.516450e+02
3.540000e-06	7.056053e-09	1.629915e-09	3.812870e+01	4.520218e+02
3.550000e-06	7.063574e-09	1.631640e-09	3.816943e+01	4.525050e+02
3.560000e-06	7.070615e-09	1.633184e-09	3.820756e+01	4.529301e+02
3.570000e-06	7.077144e-09	1.634416e-09	3.824290e+01	4.532654e+02
3.580000e-06	7.083178e-09	1.635697e-09	3.827556e+01	4.536103e+02
3.590000e-06	7.088699e-09	1.636972e-09	3.830545e+01	4.539504e+02
3.600000e-06	7.093705e-09	1.637670e-09	3.833258e+01	4.541496e+02
3.610000e-06	7.098242e-09	1.637568e-09	3.835722e+01	4.541494e+02
3.620000e-06	7.102400e-09	1.637343e-09	3.837982e+01	4.541071e+02
3.630000e-06	7.106252e-09	1.637797e-09	3.840072e+01	4.542237e+02
3.640000e-06	7.109715e-09	1.638900e-09	3.841945e+01	4.545089e+02
3.650000e-06	7.112601e-09	1.640148e-09	3.843504e+01	4.548401e+02
3.660000e-06	7.114764e-09	1.640916e-09	3.844677e+01	4.550396e+02
3.670000e-06	7.116164e-09	1.640778e-09	3.845440e+01	4.550104e+02
3.680000e-06	7.116893e-09	1.640357e-09	3.845844e+01	4.549266e+02
3.690000e-06	7.117153e-09	1.640274e-09	3.845997e+01	4.549217e+02
3.700000e-06	7.117073e-09	1.639893e-09	3.845962e+01	4.548205e+02
3.710000e-06	7.116614e-09	1.639443e-09	3.845722e+01	4.547026e+02
3.720000e-06	7.115688e-09	1.639671e-09	3.845230e+01	4.547442e+02
3.730000e-06	7.114275e-09	1.640181e-09	3.844473e+01	4.548336e+02
3.740000e-06	7.112404e-09	1.640279e-09	3.843467e+01	4.548390e+02
3.750000e-06	7.110084e-09	1.638828e-09	3.842221e+01	4.545026e+02
3.760000e-06	7.107289e-09	1.634866e-09	3.840723e+01	4.536496e+02
3.770000e-06	7.104016e-09	1.632918e-09	3.838968e+01	4.532729e+02
3.780000e-06	7.100289e-09	1.642852e-09	3.836959e+01	4.552818e+02
3.790000e-06	7.095981e-09	1.652468e-09	3.834633e+01	4.570021e+02
3.800000e-06	7.090842e-09	1.632080e-09	3.831867e+01	4.525880e+02
3.810000e-06	7.084975e-09	1.608550e-09	3.828712e+01	4.479783e+02
3.820000e-06	7.078809e-09	1.632709e-09	3.825381e+01	4.533310e+02
3.830000e-06	7.072396e-09	1.658022e-09	3.821908e+01	4.578695e+02
3.840000e-06	7.065440e-09	1.631082e-09	3.818155e+01	4.517169e+02
3.850000e-06	7.057864e-09	1.603435e-09	3.814076e+01	4.466752e+02
3.860000e-06	7.049871e-09	1.629785e-09	3.809767e+01	4.525007e+02
3.870000e-06	7.041563e-09	1.658413e-09	3.805282e+01	4.576005e+02
3.880000e-06	7.032746e-09	1.629791e-09	3.800525e+01	4.511695e+02
3.890000e-06	7.023310e-09	1.601151e-09	3.795440e+01	4.460890e+02
3.900000e-06	7.013426e-09	1.628738e-09	3.790109e+01	4.521195e+02
3.910000e-06	7.003195e-09	1.651037e-09	3.784586e+01	4.557023e+02
3.920000e-06	6.992456e-09	1.617391e-09	3.778792e+01	4.482850e+02
3.930000e-06	6.981106e-09	1.602495e-09	3.772674e+01	4.462880e+02
3.940000e-06	6.969239e-09	1.640817e-09	3.766269e+01	4.545034e+02
3.950000e-06	6.956835e-09	1.645353e-09	3.759569e+01	4.541236e+02
3.960000e-06	6.943685e-09	1.602815e-09	3.752474e+01	4.450230e+02
3.970000e-06	6.929732e-09	1.606864e-09	3.744947e+01	4.470573e+02
3.980000e-06	6.915121e-09	1.648648e-09	3.737058e+01	4.558468e+02
3.990000e-06	6.899920e-09	1.632592e-09	3.728853e+01	4.514331e+02
4.000000e-06	6.884219e-09	1.593006e-09	3.720383e+01	4.431504e+02
4.010000e-06	6.868147e-09	1.617215e-09	3.711706e+01	4.487922e+02
4.020000e-06	6.851689e-09	1.642500e-09	3.702820e+01	4.535430e+02
4.030000e-06	6.834720e-09	1.608889e-09	3.693659e+01	4.461442e+02
4.040000e-06	6.817238e-09	1.602059e-09	3.684218e+01	4.456806e+02
4.050000e-06	6.799339e-09	1.639548e-09	3.674551e+01	4.536887e+02
4.060000e-06	6.781010e-09	1.625375e-09	3.664651e+01	4.495570e+02
4.070000e-06	6.762187e-09	1.585236e-09	3.654485e+01	4.409197e+02
4.080000e-06	6.742895e-09	1.608276e-09	3.644067e+01	4.462842e+02
4.090000e-06	6.723220e-09	1.631338e-09	3.633440e+01	4.505907e+02
4.100000e-06	6.703219e-09	1.597262e-09	3.622633e+01	4.429972e+02
4.110000e-06	6.682878e-09	1.594278e-09	3.611644e+01	4.432558e+02
4.120000e-06	6.662084e-09	1.630518e-09	3.600411e+01	4.511885e+02
4.130000e-06	6.640628e-09	1.610403e-09	3.588827e+01	4.459096e+02
4.140000e-06	6.618399e-09	1.578528e-09	3.576829e+01	4.389571e+02
4.150000e-06	6.595473e-09	1.605786e-09	3.564451e+01	4.451995e+02
4.160000e-06	6.571996e-09	1.609075e-09	3.551775e+01	4.452322e+02
4.170000e-06	6.548127e-09	1.572837e-09	3.538885e+01	4.369768e+02
4.180000e-06	6.523947e-09	1.584709e-09	3.525818e+01	4.400671e+02
4.190000e-06	6.499382e-09	1.599365e-09	3.512545e+01	4.429047e+02
4.200000e-06	6.474359e-09	1.566389e-09	3.499030e+01	4.348678e+02
4.210000e-06	6.448893e-09	1.563779e-09	3.485269e+01	4.344387e+02
4.220000e-06	6.422990e-09	1.586263e-09	3.471272e+01	4.394513e+02
4.230000e-06	6.396601e-09	1.565992e-09	3.457017e+01	4.343587e+02
4.240000e-06	6.369694e-09	1.549628e-09	3.442483e+01	4.304589e+02
4.250000e-06	6.342322e-09	1.564543e-09	3.427701e+01	4.337441e+02
4.260000e-06	6.314592e-09	1.555197e-09	3.412724e+01	4.313127e+02
4.270000e-06	6.286590e-09	1.538198e-09	3.397597e+01	4.272284e+02
4.280000e-06	6.258292e-09	1.546851e-09	3.382307e+01	4.289911e+02
4.290000e-06	6.229589e-09	1.542703e-09	3.366799e+01	4.277486e+02
4.300000e-06	6.200313e-09	1.525933e-09	3.350988e+01	4.236696e+02
4.310000e-06	6.170348e-09	1.528794e-09	3.334808e+01	4.240874e+02
4.320000e-06	6.139675e-09	1.527941e-09	3.318247e+01	4.236903e+02
4.330000e-06	6.108396e-09	1.514068e-09	3.301356e+01	4.203512e+02
4.340000e-06	6.076697e-09	1.511048e-09	3.284231e+01	4.192939e+02
4.350000e-06	6.044687e-09	1.509252e-09	3.266934e+01	4.185322e+02
4.360000e-06	6.012338e-09	1.499517e-09	3.249455e+01	4.161906e+02
4.370000e-06	5.979591e-09	1.496270e-09	3.231762e+01	4.151973e+02
4.380000e-06	5.946395e-09	1.492728e-09	3.213831e+01	4.139704e+02
4.390000e-06	5.912768e-09	1.482090e-09	3.195665e+01	4.113101e+02
4.400000e-06	5.878761e-09	1.476244e-09	3.177294e+01	4.097385e+02
4.410000e-06	5.844373e-09	1.473219e-09	3.158716e+01	4.086840e+02
4.420000e-06	5.809582e-09	1.465904e-09	3.139919e+01	4.067966e+02
4.430000e-06	5.774379e-09	1.459403e-09	3.120901e+01	4.050752e+02
4.440000e-06	5.738827e-09	1.453669e-09	3.101696e+01	4.033089e+02
4.450000e-06	5.703005e-09	1.445816e-09	3.082343e+01	4.011660e+02
4.460000e-06	5.666936e-09	1.439235e-09	3.062853e+01	3.994491e+02
4.470000e-06	5.630554e-09	1.433905e-09	3.043191e+01	3.978882e+02
4.480000e-06	5.593727e-09	1.426852e-09	3.023290e+01	3.959005e+02
4.490000e-06	5.556338e-09	1.418883e-09	3.003093e+01	3.937712e+02
4.500000e-06	5.518298e-09	1.411997e-09	2.982555e+01	3.918828e+02
4.510000e-06	5.479611e-09	1.406100e-09	2.961669e+01	3.902204e+02
4.520000e-06	5.440377e-09	1.399643e-09	2.940479e+01	3.884167e+02
4.530000e-06	5.400739e-09	1.391885e-09	2.919063e+01	3.862591e+02
4.540000e-06	5.360821e-09	1.384001e-09	2.897493e+01	3.840839e+02
4.550000e-06	5.320638e-09	1.376862e-09	2.875781e+01	3.821041e+02
4.560000e-06	5.280167e-09	1.370254e-09	2.853912e+01	3.802592e+02
4.570000e-06	5.239332e-09	1.363353e-09	2.831843e+01	3.783715e+02
4.580000e-06	5.198099e-09	1.355642e-09	2.809562e+01	3.762520e+02
4.590000e-06	5.156521e-09	1.347386e-09	2.787097e+01	3.739371e+02
4.600000e-06	5.114644e-09	1.339122e-09	2.764471e+01	3.716565e+02
4.610000e-06	5.072457e-09	1.331191e-09	2.741681e+01	3.694827e+02
4.620000e-06	5.029914e-09	1.324008e-09	2.718696e+01	3.674513e+02
4.630000e-06	4.986963e-09	1.316427e-09	2.695490e+01	3.653179e+02
4.640000e-06	4.943619e-09	1.308066e-09	2.672073e+01	3.630298e+02
4.650000e-06	4.899975e-09	1.300090e-09	2.648492e+01	3.608463e+02
4.660000e-06	4.856102e-09	1.292150e-09	2.624787e+01	3.586633e+02
4.670000e-06	4.812034e-09	1.283553e-09	2.600973e+01	3.563049e+02
4.680000e-06	4.767732e-09	1.274723e-09	2.577029e+01	3.538513e+02
4.690000e-06	4.723127e-09	1.265408e-09	2.552925e+01	3.512515e+02
4.700000e-06	4.678172e-09	1.256233e-09	2.528640e+01	3.487119e+02
4.710000e-06	4.632854e-09	1.247814e-09	2.504159e+01	3.463764e+02
4.720000e-06	4.587169e-09	1.238978e-09	2.479473e+01	3.439299e+02
4.730000e-06	4.541130e-09	1.229453e-09	2.454595e+01	3.413068e+02
4.740000e-06	4.494792e-09	1.220006e-09	2.429555e+01	3.386936e+02
4.750000e-06	4.448194e-09	1.210585e-09	2.404372e+01	3.360878e+02
4.760000e-06	4.401340e-09	1.201183e-09	2.379051e+01	3.335066e+02
4.770000e-06	4.354227e-09	1.192019e-09	2.353595e+01	3.309681e+02
4.780000e-06	4.306827e-09	1.182491e-09	2.327984e+01	3.282897e+02
4.790000e-06	4.259084e-09	1.172225e-09	2.302185e+01	3.254331e+02
4.800000e-06	4.210928e-09	1.161934e-09	2.276167e+01	3.226043e+02
4.810000e-06	4.162343e-09	1.152190e-09	2.249920e+01	3.199097e+02
4.820000e-06	4.113389e-09	1.142383e-09	2.223475e+01	3.171816e+02
4.830000e-06	4.064099e-09	1.132014e-09	2.196849e+01	3.143163e+02
4.840000e-06	4.014481e-09	1.121575e-09	2.170042e+01	3.114289e+02
4.850000e-06	3.964572e-09	1.111603e-09	2.143076e+01	3.086529e+02
4.860000e-06	3.914388e-09	1.101676e-09	2.115959e+01	3.059077e+02
4.870000e-06	3.863921e-09	1.091415e-09	2.088687e+01	3.030805e+02
4.880000e-06	3.813129e-09	1.080659e-09	2.061244e+01	3.000899e+02
4.890000e-06	3.762009e-09	1.069427e-09	2.033626e+01	2.969679e+02
4.900000e-06	3.710606e-09	1.058325e-09	2.005853e+01	2.939088e+02
4.910000e-06	3.658940e-09	1.047651e-09	1.977937e+01	2.909686e+02
4.920000e-06	3.607034e-09	1.036956e-09	1.949887e+01	2.880030e+02
4.930000e-06	3.554895e-09	1.025900e-09	1.921709e+01	2.849278e+02
4.940000e-06	3.502512e-09	1.014462e-09	1.893403e+01	2.817602e+02
4.950000e-06	3.449841e-09	1.002843e-09	1.864941e+01	2.785613e+02
4.960000e-06	3.396852e-09	9.914937e-10	1.836311e+01	2.754313e+02
4.970000e-06	3.343519e-09	9.804946e-10	1.807499e+01	2.723783e+02
4.980000e-06	3.289802e-09	9.691292e-10	1.778478e+01	2.692158e+02
4.990000e-06	3.235691e-09	9.573099e-10	1.749242e+01	2.659308e+02
5.000000e-06	3.181190e-09	9.457060e-10	1.719794e+01	2.627081e+02
5.010000e-06	3.126354e-09	9.341651e-10	1.690169e+01	2.595075e+02
5.020000e-06	3.071222e-09	9.221737e-10	1.660382e+01	2.561829e+02
5.030000e-06	3.015838e-09	9.100685e-10	1.630454e+01	2.528144e+02
5.040000e-06	2.960245e-09	8.980110e-10	1.600415e+01	2.494621e+02
5.050000e-06	2.904471e-09	8.857837e-10	1.570275e+01	2.460733e+02
5.060000e-06	2.848557e-09	8.734563e-10	1.540054e+01	2.426566e+02
5.070000e-06	2.792519e-09	8.609681e-10	1.509767e+01	2.391933e+02
5.080000e-06	2.736352e-09	8.479147e-10	1.479412e+01	2.355772e+02
5.090000e-06	2.680066e-09	8.344838e-10	1.448993e+01	2.318599e+02
5.100000e-06	2.623639e-09	8.214749e-10	1.418502e+01	2.282528e+02
5.110000e-06	2.567046e-09	8.089324e-10	1.387922e+01	2.247628e+02
5.120000e-06	2.510286e-09	7.961573e-10	1.357251e+01	2.212046e+02
5.130000e-06	2.453351e-09	7.828092e-10	1.326486e+01	2.175065e+02
5.140000e-06	2.396225e-09	7.691537e-10	1.295623e+01	2.137405e+02
5.150000e-06	2.338917e-09	7.554742e-10	1.264659e+01	2.099578e+02
5.160000e-06	2.281434e-09	7.418619e-10	1.233596e+01	2.061810e+02
5.170000e-06	2.223792e-09	7.278732e-10	1.202448e+01	2.023000e+02
5.180000e-06	2.165989e-09	7.136880e-10	1.171212e+01	1.983597e+02
5.190000e-06	2.108002e-09	6.998067e-10	1.139882e+01	1.945003e+02
5.200000e-06	2.049860e-09	6.862202e-10	1.108468e+01	1.907197e+02
5.210000e-06	1.991586e-09	6.723241e-10	1.076978e+01	1.868592e+02
5.220000e-06	1.933175e-09	6.578098e-10	1.045414e+01	1.828488e+02
5.230000e-06	1.874626e-09	6.432606e-10	1.013775e+01	1.788353e+02
5.240000e-06	1.815943e-09	6.288335e-10	9.820643e+00	1.748395e+02
5.250000e-06	1.757122e-09	6.143594e-10	9.502796e+00	1.708150e+02
5.260000e-06	1.698171e-09	5.999121e-10	9.184269e+00	1.667842e+02
5.270000e-06	1.639099e-09	5.850407e-10	8.865089e+00	1.626441e+02
5.280000e-06	1.579905e-09	5.694325e-10	8.545240e+00	1.583448e+02
5.290000e-06	1.520606e-09	5.541565e-10	8.224801e+00	1.541478e+02
5.300000e-06	1.461204e-09	5.395743e-10	7.903770e+00	1.501099e+02
5.310000e-06	1.401695e-09	5.246801e-10	7.582178e+00	1.459736e+02
5.320000e-06	1.342109e-09	5.095240e-10	7.260199e+00	1.417609e+02
5.330000e-06	1.282466e-09	4.946719e-10	6.937889e+00	1.376203e+02
5.340000e-06	1.222752e-09	4.796891e-10	6.615165e+00	1.334479e+02
5.350000e-06	1.162975e-09	4.643755e-10	6.292106e+00	1.291904e+02
5.360000e-06	1.103161e-09	4.488092e-10	5.968842e+00	1.248742e+02
5.370000e-06	1.043310e-09	4.328723e-10	5.645366e+00	1.204772e+02
5.380000e-06	9.834220e-10	4.168917e-10	5.321695e+00	1.160770e+02
5.390000e-06	9.235008e-10	4.015325e-10	4.997840e+00	1.118339e+02
5.400000e-06	8.635425e-10	3.867923e-10	4.673794e+00	1.077288e+02
5.410000e-06	8.035507e-10	3.718862e-10	4.349580e+00	1.035496e+02
5.420000e-06	7.435333e-10	3.564265e-10	4.025212e+00	9.922353e+01
5.430000e-06	6.834859e-10	3.406255e-10	3.700661e+00	9.483522e+01
5.440000e-06	6.234154e-10	3.246547e-10	3.375992e+00	9.042486e+01
5.450000e-06	5.633260e-10	3.086405e-10	3.051237e+00	8.600582e+01
5.460000e-06	5.032014e-10	2.925544e-10	2.726284e+00	8.155382e+01
5.470000e-06	4.430440e-10	2.765393e-10	2.401165e+00	7.710720e+01
5.480000e-06	3.828716e-10	2.608597e-10	2.075962e+00	7.275462e+01
5.490000e-06	3.226875e-10	2.454569e-10	1.750673e+00	6.847432e+01
5.500000e-06	2.624919e-10	2.300486e-10	1.425334e+00	6.417720e+01
5.510000e-06	2.022904e-10	2.143966e-10	1.099974e+00	5.981337e+01
5.520000e-06	1.420858e-10	1.985611e-10	7.746194e-01	5.541143e+01
5.530000e-06	8.188232e-11	1.823534e-10	4.492509e-01	5.093101e+01
5.540000e-06	2.169020e-11	1.661755e-10	1.239033e-01	4.645665e+01
5.550000e-06	-3.850261e-11	1.503742e-10	-2.014490e-01	4.206374e+01
5.560000e-06	-9.871430e-11	1.343159e-10	-5.268768e-01	3.759786e+01
5.570000e-06	-1.589280e-10	1.180630e-10	-8.522732e-01	3.308351e+01
5.580000e-06	-2.191254e-10	1.021862e-10	-1.177573e+00	2.867899e+01
5.590000e-06	-2.793067e-10	8.666878e-11	-1.502794e+00	2.436872e+01
5.600000e-06	-3.394855e-10	7.109964e-11	-1.828007e+00	2.003169e+01
5.610000e-06	-3.996530e-10	5.512143e-11	-2.153158e+00	1.558092e+01
5.620000e-06	-4.597910e-10	3.869160e-11	-2.478166e+00	1.101701e+01
5.630000e-06	-5.198981e-10	2.212512e-11	-2.803030e+00	6.427312e+00
5.640000e-06	-5.799800e-10	5.934387e-12	-3.127760e+00	1.936162e+00
5.650000e-06	-6.400383e-10	-9.801475e-12	-3.452351e+00	-2.441762e+00
5.660000e-06	-7.000705e-10	-2.567980e-11	-3.776793e+00	-6.856059e+00
5.670000e-06	-7.600790e-10	-4.208017e-11	-4.101140e+00	-1.140627e+01
5.680000e-06	-8.200491e-10	-5.864663e-11	-4.425321e+00	-1.600243e+01
5.690000e-06	-8.799752e-10	-7.500434e-11	-4.749242e+00	-2.055146e+01
5.700000e-06	-9.398680e-10	-9.112650e-11	-5.072959e+00	-2.504716e+01
5.710000e-06	-9.997449e-10	-1.072876e-10	-5.396585e+00	-2.954486e+01
5.720000e-06	-1.059596e-09	-1.238993e-10	-5.720065e+00	-3.414691e+01
5.730000e-06	-1.119401e-09	-1.407657e-10	-6.043308e+00	-3.881340e+01
5.740000e-06	-1.179150e-09	-1.572212e-10	-6.366232e+00	-4.338549e+01
5.750000e-06	-1.238839e-09	-1.735352e-10	-6.688792e+00	-4.792834e+01
5.760000e-06	-1.298474e-09	-1.902801e-10	-7.011068e+00	-5.259007e+01
5.770000e-06	-1.358026e-09	-2.071634e-10	-7.332916e+00	-5.728930e+01
5.780000e-06	-1.417480e-09	-2.238339e-10	-7.654213e+00	-6.191523e+01
5.790000e-06	-1.476841e-09	-2.404370e-10	-7.974996e+00	-6.652154e+01
5.800000e-06	-1.536107e-09	-2.574105e-10	-8.295272e+00	-7.123353e+01
5.810000e-06	-1.595247e-09	-2.746476e-10	-8.614901e+00	-7.601042e+01
5.820000e-06	-1.654238e-09	-2.919318e-10	-8.933709e+00	-8.079565e+01
5.830000e-06	-1.713095e-09	-3.091147e-10	-9.251777e+00	-8.557355e+01
5.840000e-06	-1.771835e-09	-3.259756e-10	-9.569221e+00	-9.028355e+01
5.850000e-06	-1.830463e-09	-3.428816e-10	-9.886058e+00	-9.500070e+01
5.860000e-06	-1.888965e-09	-3.601695e-10	-1.020220e+01	-9.980621e+01
5.870000e-06	-1.947323e-09	-3.776514e-10	-1.051760e+01	-1.046510e+02
5.880000e-06	-2.005545e-09	-3.952440e-10	-1.083228e+01	-1.095159e+02
5.890000e-06	-2.063623e-09	-4.127149e-10	-1.114620e+01	-1.143507e+02
5.900000e-06	-2.121539e-09	-4.299235e-10	-1.145924e+01	-1.191351e+02
5.910000e-06	-2.179307e-09	-4.472533e-10	-1.177140e+01	-1.239608e+02
5.920000e-06	-2.236914e-09	-4.648059e-10	-1.208269e+01	-1.288391e+02
5.930000e-06	-2.294351e-09	-4.822378e-10	-1.239306e+01	-1.336831e+02
5.940000e-06	-2.351612e-09	-4.995260e-10	-1.270246e+01	-1.384868e+02
5.950000e-06	-2.408658e-09	-5.169826e-10	-1.301073e+01	-1.433229e+02
5.960000e-06	-2.465496e-09	-5.344356e-10	-1.331792e+01	-1.481540e+02
5.970000e-06	-2.522155e-09	-5.515503e-10	-1.362412e+01	-1.529042e+02
5.980000e-06	-2.578646e-09	-5.681559e-10	-1.392940e+01	-1.575233e+02
5.990000e-06	-2.634991e-09	-5.842061e-10	-1.423391e+01	-1.620005e+02
6.000000e-06	-2.691197e-09	-6.006138e-10	-1.453768e+01	-1.665701e+02
6.010000e-06	-2.747278e-09	-6.178021e-10	-1.484078e+01	-1.713403e+02
6.020000e-06	-2.803251e-09	-6.348423e-10	-1.514330e+01	-1.760699e+02
6.030000e-06	-2.859108e-09	-6.514003e-10	-1.544521e+01	-1.806570e+02
6.040000e-06	-2.914823e-09	-6.678305e-10	-1.574634e+01	-1.851967e+02
6.050000e-06	-2.970375e-09	-6.838842e-10	-1.604657e+01	-1.896499e+02
6.060000e-06	-3.025722e-09	-6.994783e-10	-1.634568e+01	-1.940037e+02
6.070000e-06	-3.080797e-09	-7.152328e-10	-1.664333e+01	-1.984036e+02
6.080000e-06	-3.135549e-09	-7.311329e-10	-1.693919e+01	-2.028218e+02
6.090000e-06	-3.189942e-09	-7.469299e-10	-1.723307e+01	-2.071922e+02
6.100000e-06	-3.243957e-09	-7.627354e-10	-1.752493e+01	-2.115664e+02
6.110000e-06	-3.297599e-09	-7.782884e-10	-1.781482e+01	-2.158859e+02
6.120000e-06	-3.350872e-09	-7.934870e-10	-1.810271e+01	-2.201203e+02
6.130000e-06	-3.403784e-09	-8.087415e-10	-1.838866e+01	-2.243569e+02
6.140000e-06	-3.456377e-09	-8.241101e-10	-1.867289e+01	-2.286073e+02
6.150000e-06	-3.508703e-09	-8.392695e-10	-1.895570e+01	-2.328073e+02
6.160000e-06	-3.560811e-09	-8.541498e-10	-1.923731e+01	-2.369413e+02
6.170000e-06	-3.612703e-09	-8.687542e-10	-1.951775e+01	-2.410035e+02
6.180000e-06	-3.664336e-09	-8.830630e-10	-1.979679e+01	-2.449720e+02
6.190000e-06	-3.715712e-09	-8.972043e-10	-2.007445e+01	-2.488740e+02
6.200000e-06	-3.766821e-09	-9.113103e-10	-2.035068e+01	-2.527748e+02
6.210000e-06	-3.817629e-09	-9.252790e-10	-2.062526e+01	-2.566699e+02
6.220000e-06	-3.868133e-09	-9.388876e-10	-2.089821e+01	-2.604660e+02
6.230000e-06	-3.918321e-09	-9.522720e-10	-2.116947e+01	-2.641716e+02
6.240000e-06	-3.968193e-09	-9.655282e-10	-2.143905e+01	-2.678371e+02
6.250000e-06	-4.017734e-09	-9.785100e-10	-2.170687e+01	-2.714488e+02
6.260000e-06	-4.066905e-09	-9.910935e-10	-2.197261e+01	-2.749704e+02
6.270000e-06	-4.115637e-09	-1.003244e-09	-2.223597e+01	-2.783650e+02
6.280000e-06	-4.163909e-09	-1.015234e-09	-2.249690e+01	-2.816775e+02
6.290000e-06	-4.211747e-09	-1.027583e-09	-2.275541e+01	-2.850733e+02
6.300000e-06	-4.259158e-09	-1.040198e-09	-2.301158e+01	-2.885716e+02
6.310000e-06	-4.306211e-09	-1.052466e-09	-2.326588e+01	-2.920043e+02
6.320000e-06	-4.352993e-09	-1.064065e-09	-2.351873e+01	-2.952504e+02
6.330000e-06	-4.399557e-09	-1.075268e-09	-2.377038e+01	-2.983647e+02
6.340000e-06	-4.445900e-09	-1.086606e-09	-2.402086e+01	-3.015011e+02
6.350000e-06	-4.492008e-09	-1.098095e-09	-2.427005e+01	-3.046714e+02
6.360000e-06	-4.537881e-09	-1.109362e-09	-2.451793e+01	-3.077870e+02
6.370000e-06	-4.583473e-09	-1.120205e-09	-2.476433e+01	-3.107976e+02
6.380000e-06	-4.628731e-09	-1.130925e-09	-2.500894e+01	-3.137652e+02
6.390000e-06	-4.673631e-09	-1.141925e-09	-2.525161e+01	-3.167943e+02
6.400000e-06	-4.718188e-09	-1.152753e-09	-2.549241e+01	-3.197970e+02
6.410000e-06	-4.762459e-09	-1.162860e-09	-2.573167e+01	-3.226327e+02
6.420000e-06	-4.806521e-09	-1.172581e-09	-2.596983e+01	-3.253397e+02
6.430000e-06	-4.850406e-09	-1.182418e-09	-2.620703e+01	-3.280394e+02
6.440000e-06	-4.894092e-09	-1.192403e-09	-2.644313e+01	-3.307802e+02
6.450000e-06	-4.937515e-09	-1.202312e-09	-2.667779e+01	-3.335213e+02
6.460000e-06	-4.980590e-09	-1.212008e-09	-2.691060e+01	-3.362176e+02
6.470000e-06	-5.023273e-09	-1.221035e-09	-2.714132e+01	-3.387393e+02
6.480000e-06	-5.065594e-09	-1.229580e-09	-2.737007e+01	-3.411200e+02
6.490000e-06	-5.107598e-09	-1.238399e-09	-2.759710e+01	-3.435485e+02
6.500000e-06	-5.149277e-09	-1.247476e-09	-2.782235e+01	-3.460471e+02
6.510000e-06	-5.190584e-09	-1.256886e-09	-2.804561e+01	-3.486519e+02
6.520000e-06	-5.231496e-09	-1.266170e-09	-2.826677e+01	-3.512208e+02
6.530000e-06	-5.272046e-09	-1.274699e-09	-2.848598e+01	-3.535765e+02
6.540000e-06	-5.312293e-09	-1.282667e-09	-2.870351e+01	-3.557961e+02
6.550000e-06	-5.352295e-09	-1.290462e-09	-2.891968e+01	-3.579923e+02
6.560000e-06	-5.392071e-09	-1.298343e-09	-2.913464e+01	-3.601918e+02
6.570000e-06	-5.431556e-09	-1.306312e-09	-2.934805e+01	-3.623775e+02
6.580000e-06	-5.470641e-09	-1.314562e-09	-2.955931e+01	-3.646256e+02
6.590000e-06	-5.509201e-09	-1.323286e-09	-2.976774e+01	-3.670062e+02
6.600000e-06	-5.547137e-09	-1.332083e-09	-2.997281e+01	-3.694314e+02
6.610000e-06	-5.584425e-09	-1.339993e-09	-3.017441e+01	-3.716448e+02
6.620000e-06	-5.621151e-09	-1.346620e-09	-3.037296e+01	-3.735143e+02
6.630000e-06	-5.657470e-09	-1.352910e-09	-3.056927e+01	-3.752857e+02
6.640000e-06	-5.693503e-09	-1.359771e-09	-3.076401e+01	-3.771929e+02
6.650000e-06	-5.729294e-09	-1.367167e-09	-3.095742e+01	-3.792241e+02
6.660000e-06	-5.764789e-09	-1.374843e-09	-3.114925e+01	-3.813252e+02
6.670000e-06	-5.799898e-09	-1.382452e-09	-3.133901e+01	-3.834129e+02
6.680000e-06	-5.834560e-09	-1.389634e-09	-3.152634e+01	-3.853952e+02
6.690000e-06	-5.868800e-09	-1.396300e-09	-3.171140e+01	-3.872509e+02
6.700000e-06	-5.902641e-09	-1.402748e-09	-3.189430e+01	-3.890585e+02
6.710000e-06	-5.936051e-09	-1.409029e-09	-3.207487e+01	-3.908218e+02
6.720000e-06	-5.969024e-09	-1.414992e-09	-3.225310e+01	-3.924821e+02
6.730000e-06	-6.001587e-09	-1.421156e-09	-3.242911e+01	-3.941748e+02
6.740000e-06	-6.033802e-09	-1.427985e-09	-3.260323e+01	-3.960487e+02
6.750000e-06	-6.065700e-09	-1.434875e-09	-3.277560e+01	-3.979528e+02
6.760000e-06	-6.097242e-09	-1.441080e-09	-3.294605e+01	-3.996712e+02
6.770000e-06	-6.128316e-09	-1.446893e-09	-3.311398e+01	-4.012780e+02
6.780000e-06	-6.158776e-09	-1.452635e-09	-3.327862e+01	-4.028749e+02
6.790000e-06	-6.188535e-09	-1.458373e-09	-3.343951e+01	-4.044796e+02
6.800000e-06	-6.217626e-09	-1.464268e-09	-3.359678e+01	-4.061211e+02
6.810000e-06	-6.246185e-09	-1.469829e-09	-3.375115e+01	-4.076668e+02
6.820000e-06	-6.274379e-09	-1.475118e-09	-3.390352e+01	-4.091346e+02
6.830000e-06	-6.302304e-09	-1.480930e-09	-3.405442e+01	-4.107336e+02
6.840000e-06	-6.329939e-09	-1.487128e-09	-3.420378e+01	-4.124327e+02
6.850000e-06	-6.357176e-09	-1.492786e-09	-3.435100e+01	-4.140000e+02
6.860000e-06	-6.383927e-09	-1.497670e-09	-3.449562e+01	-4.153623e+02
6.870000e-06	-6.410204e-09	-1.502333e-09	-3.463769e+01	-4.166526e+02
6.880000e-06	-6.436022e-09	-1.507172e-09	-3.477727e+01	-4.180003e+02
6.890000e-06	-6.461362e-09	-1.512327e-09	-3.491425e+01	-4.194448e+02
6.900000e-06	-6.486217e-09	-1.517465e-09	-3.504861e+01	-4.208817e+02
6.910000e-06	-6.510646e-09	-1.522030e-09	-3.518068e+01	-4.221465e+02
6.920000e-06	-6.534763e-09	-1.526438e-09	-3.531102e+01	-4.233480e+02
6.930000e-06	-6.558607e-09	-1.531406e-09	-3.543986e+01	-4.247027e+02
6.940000e-06	-6.582083e-09	-1.536415e-09	-3.556671e+01	-4.260803e+02
6.950000e-06	-6.605033e-09	-1.540694e-09	-3.569074e+01	-4.272774e+02
6.960000e-06	-6.627315e-09	-1.544410e-09	-3.581114e+01	-4.283372e+02
6.970000e-06	-6.648859e-09	-1.548186e-09	-3.592758e+01	-4.294071e+02
6.980000e-06	-6.669737e-09	-1.552330e-09	-3.604045e+01	-4.305524e+02
6.990000e-06	-6.690113e-09	-1.556652e-09	-3.615060e+01	-4.317267e+02
7.000000e-06	-6.710151e-09	-1.560659e-09	-3.625889e+01	-4.328257e+02
7.010000e-06	-6.729893e-09	-1.564242e-09	-3.636558e+01	-4.338174e+02
7.020000e-06	-6.749247e-09	-1.567959e-09	-3.647019e+01	-4.348418e+02
7.030000e-06	-6.768105e-09	-1.572145e-09	-3.657214e+01	-4.360002e+02
7.040000e-06	-6.786483e-09	-1.576109e-09	-3.667150e+01	-4.371122e+02
7.050000e-06	-6.804448e-09	-1.579379e-09	-3.676860e+01	-4.380389e+02
7.060000e-06	-6.821963e-09	-1.582331e-09	-3.686326e+01	-4.388634e+02
7.070000e-06	-6.838993e-09	-1.585281e-09	-3.695533e+01	-4.396734e+02
7.080000e-06	-6.855564e-09	-1.588377e-09	-3.704493e+01	-4.405235e+02
7.090000e-06	-6.871767e-09	-1.591602e-09	-3.713247e+01	-4.414171e+02
7.100000e-06	-6.887659e-09	-1.594521e-09	-3.721832e+01	-4.422322e+02
7.110000e-06	-6.903094e-09	-1.596873e-09	-3.730167e+01	-4.429001e+02
7.120000e-06	-6.917854e-09	-1.599409e-09	-3.738140e+01	-4.436161e+02
7.130000e-06	-6.931781e-09	-1.602413e-09	-3.745674e+01	-4.444463e+02
7.140000e-06	-6.944912e-09	-1.605359e-09	-3.752782e+01	-4.452548e+02
7.150000e-06	-6.957429e-09	-1.607801e-09	-3.759558e+01	-4.459310e+02
7.160000e-06	-6.969480e-09	-1.609509e-09	-3.766074e+01	-4.464192e+02
7.170000e-06	-6.981096e-09	-1.611230e-09	-3.772351e+01	-4.469010e+02
7.180000e-06	-6.992204e-09	-1.613634e-09	-3.778357e+01	-4.475536e+02
7.190000e-06	-7.002804e-09	-1.616076e-09	-3.784086e+01	-4.482292e+02
7.200000e-06	-7.012945e-09	-1.617859e-09	-3.789567e+01	-4.487405e+02
7.210000e-06	-7.022631e-09	-1.619469e-09	-3.794803e+01	-4.492006e+02
7.220000e-06	-7.031815e-09	-1.621635e-09	-3.799770e+01	-4.497888e+02
7.230000e-06	-7.040486e-09	-1.624022e-09	-3.804461e+01	-4.504270e+02
7.240000e-06	-7.048748e-09	-1.625909e-09	-3.808928e+01	-4.509471e+02
7.250000e-06	-7.056712e-09	-1.627047e-09	-3.813229e+01	-4.512837e+02
7.260000e-06	-7.064321e-09	-1.627860e-09	-3.817339e+01	-4.515324e+02
7.270000e-06	-7.071392e-09	-1.629325e-09	-3.821159e+01	-4.519296e+02
7.280000e-06	-7.077745e-09	-1.631326e-09	-3.824599e+01	-4.524488e+02
7.290000e-06	-7.083301e-09	-1.632977e-09	-3.827616e+01	-4.528844e+02
7.300000e-06	-7.088156e-09	-1.633886e-09	-3.830256e+01	-4.531478e+02
7.310000e-06	-7.092516e-09	-1.634604e-09	-3.832621e+01	-4.533665e+02
7.320000e-06	-7.096534e-09	-1.635738e-09	-3.834792e+01	-4.536892e+02
7.330000e-06	-7.100224e-09	-1.636908e-09	-3.836781e+01	-4.540134e+02
7.340000e-06	-7.103475e-09	-1.637743e-09	-3.838537e+01	-4.542429e+02
7.350000e-06	-7.106216e-09	-1.638099e-09	-3.840022e+01	-4.543537e+02
7.360000e-06	-7.108495e-09	-1.638246e-09	-3.841257e+01	-4.544039e+02
7.370000e-06	-7.110368e-09	-1.638700e-09	-3.842272e+01	-4.545156e+02
7.380000e-06	-7.111744e-09	-1.639077e-09	-3.843017e+01	-4.546138e+02
7.390000e-06	-7.112544e-09	-1.639223e-09	-3.843454e+01	-4.546719e+02
