# Temperatura_=_20.125000000000004
# Concentracion g/m^3_=_8100.0
# C_Vs_to_Am_M_A/Vsm_=_254322799225.57578
# pendiente_HvsI_1/m_=_3716.3
# ordenada_HvsI_A/m_=_1297.0
# frecuencia_Hz_=_135197.55282303423
# Promedio de 28 ciclos

Tiempo_(s)	Campo_(V.s)	Magnetizacion_(V.s)	Campo_(kA/m)	Magnetizacion_(A/m)
0.000000e+00	-7.168332e-09	-2.010694e-09	-3.842511e+01	-5.547074e+02
1.000000e-08	-7.168470e-09	-2.010873e-09	-3.842579e+01	-5.547394e+02
2.000000e-08	-7.168284e-09	-2.011131e-09	-3.842470e+01	-5.547990e+02
3.000000e-08	-7.167703e-09	-2.011108e-09	-3.842145e+01	-5.548199e+02
4.000000e-08	-7.166550e-09	-2.011292e-09	-3.841508e+01	-5.548832e+02
5.000000e-08	-7.164673e-09	-2.011205e-09	-3.840482e+01	-5.548450e+02
6.000000e-08	-7.162039e-09	-2.010173e-09	-3.839059e+01	-5.545570e+02
7.000000e-08	-7.158760e-09	-2.008658e-09	-3.837290e+01	-5.541258e+02
8.000000e-08	-7.154969e-09	-2.007532e-09	-3.835246e+01	-5.538200e+02
9.000000e-08	-7.150635e-09	-2.007689e-09	-3.832913e+01	-5.538996e+02
1.000000e-07	-7.145615e-09	-2.006470e-09	-3.830214e+01	-5.535484e+02
1.100000e-07	-7.139980e-09	-2.002292e-09	-3.827186e+01	-5.523182e+02
1.200000e-07	-7.134009e-09	-2.003056e-09	-3.823979e+01	-5.524792e+02
1.300000e-07	-7.127813e-09	-2.008407e-09	-3.820652e+01	-5.541077e+02
1.400000e-07	-7.121186e-09	-2.005274e-09	-3.817093e+01	-5.534069e+02
1.500000e-07	-7.113948e-09	-1.996815e-09	-3.813204e+01	-5.508700e+02
1.600000e-07	-7.106242e-09	-1.998907e-09	-3.809068e+01	-5.512416e+02
1.700000e-07	-7.098231e-09	-2.008616e-09	-3.804769e+01	-5.540818e+02
1.800000e-07	-7.089814e-09	-2.006113e-09	-3.800248e+01	-5.535983e+02
1.900000e-07	-7.080857e-09	-1.996520e-09	-3.795434e+01	-5.507359e+02
2.000000e-07	-7.071365e-09	-1.998443e-09	-3.790335e+01	-5.510576e+02
2.100000e-07	-7.061307e-09	-2.004594e-09	-3.784932e+01	-5.530677e+02
2.200000e-07	-7.050514e-09	-2.000520e-09	-3.779132e+01	-5.522348e+02
2.300000e-07	-7.038978e-09	-1.996095e-09	-3.772937e+01	-5.507256e+02
2.400000e-07	-7.026885e-09	-1.999323e-09	-3.766451e+01	-5.514491e+02
2.500000e-07	-7.014302e-09	-1.995548e-09	-3.759701e+01	-5.508097e+02
2.600000e-07	-7.001129e-09	-1.983787e-09	-3.752630e+01	-5.477503e+02
2.700000e-07	-6.987357e-09	-1.982622e-09	-3.745241e+01	-5.471766e+02
2.800000e-07	-6.973038e-09	-1.986355e-09	-3.737561e+01	-5.482435e+02
2.900000e-07	-6.958075e-09	-1.975905e-09	-3.729538e+01	-5.456949e+02
3.000000e-07	-6.942339e-09	-1.966645e-09	-3.721095e+01	-5.430339e+02
3.100000e-07	-6.925908e-09	-1.973125e-09	-3.712281e+01	-5.445709e+02
3.200000e-07	-6.908982e-09	-1.973363e-09	-3.703206e+01	-5.448288e+02
3.300000e-07	-6.891642e-09	-1.960749e-09	-3.693906e+01	-5.414873e+02
3.400000e-07	-6.873936e-09	-1.959820e-09	-3.684409e+01	-5.409867e+02
3.500000e-07	-6.855845e-09	-1.965794e-09	-3.674706e+01	-5.427140e+02
3.600000e-07	-6.837244e-09	-1.958247e-09	-3.664723e+01	-5.409307e+02
3.700000e-07	-6.818074e-09	-1.950687e-09	-3.654436e+01	-5.386566e+02
3.800000e-07	-6.798461e-09	-1.955007e-09	-3.643916e+01	-5.395970e+02
3.900000e-07	-6.778521e-09	-1.951380e-09	-3.633220e+01	-5.388607e+02
4.000000e-07	-6.758246e-09	-1.939875e-09	-3.622345e+01	-5.357974e+02
4.100000e-07	-6.737572e-09	-1.941785e-09	-3.611255e+01	-5.360099e+02
4.200000e-07	-6.716415e-09	-1.945916e-09	-3.599910e+01	-5.371347e+02
4.300000e-07	-6.694768e-09	-1.934968e-09	-3.588303e+01	-5.343736e+02
4.400000e-07	-6.672680e-09	-1.928044e-09	-3.576456e+01	-5.323618e+02
4.500000e-07	-6.650145e-09	-1.931241e-09	-3.564367e+01	-5.331091e+02
4.600000e-07	-6.627108e-09	-1.925132e-09	-3.552010e+01	-5.316040e+02
4.700000e-07	-6.603594e-09	-1.916083e-09	-3.539400e+01	-5.291033e+02
4.800000e-07	-6.579728e-09	-1.916840e-09	-3.526602e+01	-5.291358e+02
4.900000e-07	-6.555559e-09	-1.913532e-09	-3.513640e+01	-5.283333e+02
5.000000e-07	-6.530980e-09	-1.903045e-09	-3.500454e+01	-5.255641e+02
5.100000e-07	-6.505817e-09	-1.900881e-09	-3.486951e+01	-5.248196e+02
5.200000e-07	-6.479939e-09	-1.901051e-09	-3.473063e+01	-5.248394e+02
5.300000e-07	-6.453321e-09	-1.892771e-09	-3.458776e+01	-5.226649e+02
5.400000e-07	-6.426061e-09	-1.885713e-09	-3.444153e+01	-5.206743e+02
5.500000e-07	-6.398350e-09	-1.884179e-09	-3.429297e+01	-5.201952e+02
5.600000e-07	-6.370317e-09	-1.879251e-09	-3.414269e+01	-5.188946e+02
5.700000e-07	-6.341969e-09	-1.872233e-09	-3.399069e+01	-5.169428e+02
5.800000e-07	-6.313259e-09	-1.867583e-09	-3.383670e+01	-5.156340e+02
5.900000e-07	-6.284115e-09	-1.861979e-09	-3.368039e+01	-5.141477e+02
6.000000e-07	-6.254519e-09	-1.855154e-09	-3.352170e+01	-5.122848e+02
6.100000e-07	-6.224517e-09	-1.851010e-09	-3.336081e+01	-5.110923e+02
6.200000e-07	-6.194111e-09	-1.847228e-09	-3.319772e+01	-5.100348e+02
6.300000e-07	-6.163261e-09	-1.840745e-09	-3.303224e+01	-5.082464e+02
6.400000e-07	-6.131985e-09	-1.833428e-09	-3.286451e+01	-5.062440e+02
6.500000e-07	-6.100361e-09	-1.827379e-09	-3.269492e+01	-5.046084e+02
6.600000e-07	-6.068433e-09	-1.821750e-09	-3.252375e+01	-5.030544e+02
6.700000e-07	-6.036181e-09	-1.815292e-09	-3.235085e+01	-5.012542e+02
6.800000e-07	-6.003490e-09	-1.808560e-09	-3.217557e+01	-4.994140e+02
6.900000e-07	-5.970229e-09	-1.802550e-09	-3.199716e+01	-4.977711e+02
7.000000e-07	-5.936325e-09	-1.796659e-09	-3.181522e+01	-4.961437e+02
7.100000e-07	-5.901758e-09	-1.790409e-09	-3.162977e+01	-4.944165e+02
7.200000e-07	-5.866590e-09	-1.783622e-09	-3.144118e+01	-4.925286e+02
7.300000e-07	-5.830981e-09	-1.775566e-09	-3.125027e+01	-4.903160e+02
7.400000e-07	-5.795090e-09	-1.767319e-09	-3.105789e+01	-4.880876e+02
7.500000e-07	-5.758954e-09	-1.760427e-09	-3.086425e+01	-4.862002e+02
7.600000e-07	-5.722519e-09	-1.753989e-09	-3.066894e+01	-4.843961e+02
7.700000e-07	-5.685699e-09	-1.746922e-09	-3.047148e+01	-4.824456e+02
7.800000e-07	-5.648437e-09	-1.739807e-09	-3.027164e+01	-4.804983e+02
7.900000e-07	-5.610751e-09	-1.732198e-09	-3.006956e+01	-4.784050e+02
8.000000e-07	-5.572678e-09	-1.724220e-09	-2.986543e+01	-4.762022e+02
8.100000e-07	-5.534200e-09	-1.716636e-09	-2.965911e+01	-4.740954e+02
8.200000e-07	-5.495289e-09	-1.708651e-09	-2.945046e+01	-4.718676e+02
8.300000e-07	-5.455986e-09	-1.699953e-09	-2.923972e+01	-4.694755e+02
8.400000e-07	-5.416363e-09	-1.692356e-09	-2.902728e+01	-4.674146e+02
8.500000e-07	-5.376467e-09	-1.685609e-09	-2.881337e+01	-4.655602e+02
8.600000e-07	-5.336318e-09	-1.677663e-09	-2.859809e+01	-4.633413e+02
8.700000e-07	-5.295900e-09	-1.668360e-09	-2.838138e+01	-4.607761e+02
8.800000e-07	-5.255178e-09	-1.658921e-09	-2.816305e+01	-4.581895e+02
8.900000e-07	-5.214004e-09	-1.649588e-09	-2.794229e+01	-4.556172e+02
9.000000e-07	-5.172214e-09	-1.640473e-09	-2.771818e+01	-4.530974e+02
9.100000e-07	-5.129777e-09	-1.631471e-09	-2.749051e+01	-4.506075e+02
9.200000e-07	-5.086768e-09	-1.621933e-09	-2.725975e+01	-4.479751e+02
9.300000e-07	-5.043325e-09	-1.611926e-09	-2.702677e+01	-4.452305e+02
9.400000e-07	-4.999562e-09	-1.602315e-09	-2.679214e+01	-4.425956e+02
9.500000e-07	-4.955540e-09	-1.593198e-09	-2.655617e+01	-4.400855e+02
9.600000e-07	-4.911268e-09	-1.583993e-09	-2.631883e+01	-4.375364e+02
9.700000e-07	-4.866710e-09	-1.574390e-09	-2.607989e+01	-4.348714e+02
9.800000e-07	-4.821822e-09	-1.564484e-09	-2.583917e+01	-4.321362e+02
9.900000e-07	-4.776594e-09	-1.554651e-09	-2.559662e+01	-4.294376e+02
1.000000e-06	-4.731037e-09	-1.544951e-09	-2.535232e+01	-4.267734e+02
1.010000e-06	-4.685167e-09	-1.534842e-09	-2.510638e+01	-4.239846e+02
1.020000e-06	-4.639001e-09	-1.523990e-09	-2.485889e+01	-4.209979e+02
1.030000e-06	-4.592537e-09	-1.512971e-09	-2.460982e+01	-4.179710e+02
1.040000e-06	-4.545739e-09	-1.502412e-09	-2.435892e+01	-4.150636e+02
1.050000e-06	-4.498590e-09	-1.492286e-09	-2.410612e+01	-4.122691e+02
1.060000e-06	-4.451113e-09	-1.482033e-09	-2.385157e+01	-4.094277e+02
1.070000e-06	-4.403359e-09	-1.471185e-09	-2.359558e+01	-4.064261e+02
1.080000e-06	-4.355376e-09	-1.459750e-09	-2.333841e+01	-4.032945e+02
1.090000e-06	-4.307166e-09	-1.448256e-09	-2.307997e+01	-4.001539e+02
1.100000e-06	-4.258670e-09	-1.437014e-09	-2.281999e+01	-3.970618e+02
1.110000e-06	-4.209818e-09	-1.426135e-09	-2.255812e+01	-3.940447e+02
1.120000e-06	-4.160559e-09	-1.415336e-09	-2.229403e+01	-3.910456e+02
1.130000e-06	-4.110848e-09	-1.404085e-09	-2.202743e+01	-3.879365e+02
1.140000e-06	-4.060648e-09	-1.392241e-09	-2.175820e+01	-3.846796e+02
1.150000e-06	-4.009969e-09	-1.380099e-09	-2.148645e+01	-3.813381e+02
1.160000e-06	-3.958902e-09	-1.367622e-09	-2.121263e+01	-3.778987e+02
1.170000e-06	-3.907526e-09	-1.354871e-09	-2.093717e+01	-3.743940e+02
1.180000e-06	-3.855860e-09	-1.342450e-09	-2.066018e+01	-3.709870e+02
1.190000e-06	-3.803923e-09	-1.330526e-09	-2.038176e+01	-3.676974e+02
1.200000e-06	-3.751710e-09	-1.318437e-09	-2.010185e+01	-3.643537e+02
1.210000e-06	-3.699201e-09	-1.305988e-09	-1.982038e+01	-3.609153e+02
1.220000e-06	-3.646398e-09	-1.292939e-09	-1.953735e+01	-3.573080e+02
1.230000e-06	-3.593324e-09	-1.279282e-09	-1.925285e+01	-3.535427e+02
1.240000e-06	-3.539986e-09	-1.265933e-09	-1.896688e+01	-3.498879e+02
1.250000e-06	-3.486388e-09	-1.253301e-09	-1.867957e+01	-3.464204e+02
1.260000e-06	-3.432567e-09	-1.240787e-09	-1.839110e+01	-3.429568e+02
1.270000e-06	-3.378553e-09	-1.227718e-09	-1.810158e+01	-3.393392e+02
1.280000e-06	-3.324333e-09	-1.213770e-09	-1.781095e+01	-3.354815e+02
1.290000e-06	-3.269872e-09	-1.199265e-09	-1.751903e+01	-3.314715e+02
1.300000e-06	-3.215182e-09	-1.185044e-09	-1.722588e+01	-3.275463e+02
1.310000e-06	-3.160275e-09	-1.171051e-09	-1.693158e+01	-3.236818e+02
1.320000e-06	-3.105133e-09	-1.156747e-09	-1.663601e+01	-3.197353e+02
1.330000e-06	-3.049766e-09	-1.142236e-09	-1.633920e+01	-3.157432e+02
1.340000e-06	-2.994205e-09	-1.127822e-09	-1.604135e+01	-3.117775e+02
1.350000e-06	-2.938464e-09	-1.113230e-09	-1.574255e+01	-3.077427e+02
1.360000e-06	-2.882567e-09	-1.098051e-09	-1.544297e+01	-3.035484e+02
1.370000e-06	-2.826552e-09	-1.082515e-09	-1.514275e+01	-2.992779e+02
1.380000e-06	-2.770438e-09	-1.067022e-09	-1.484199e+01	-2.950197e+02
1.390000e-06	-2.714228e-09	-1.051947e-09	-1.454073e+01	-2.908646e+02
1.400000e-06	-2.657883e-09	-1.037255e-09	-1.423875e+01	-2.867988e+02
1.410000e-06	-2.601368e-09	-1.022111e-09	-1.393586e+01	-2.826000e+02
1.420000e-06	-2.544675e-09	-1.006250e-09	-1.363202e+01	-2.782141e+02
1.430000e-06	-2.487783e-09	-9.900450e-10	-1.332701e+01	-2.737409e+02
1.440000e-06	-2.430658e-09	-9.736571e-10	-1.302070e+01	-2.692061e+02
1.450000e-06	-2.373264e-09	-9.572733e-10	-1.271294e+01	-2.646716e+02
1.460000e-06	-2.315567e-09	-9.411750e-10	-1.240355e+01	-2.602359e+02
1.470000e-06	-2.257581e-09	-9.251784e-10	-1.209262e+01	-2.558430e+02
1.480000e-06	-2.199317e-09	-9.092207e-10	-1.178021e+01	-2.514500e+02
1.490000e-06	-2.140779e-09	-8.933397e-10	-1.146634e+01	-2.470585e+02
1.500000e-06	-2.081978e-09	-8.770844e-10	-1.115106e+01	-2.425471e+02
1.510000e-06	-2.022915e-09	-8.599979e-10	-1.083443e+01	-2.378105e+02
1.520000e-06	-1.963649e-09	-8.421343e-10	-1.051673e+01	-2.328800e+02
1.530000e-06	-1.904242e-09	-8.239898e-10	-1.019832e+01	-2.278778e+02
1.540000e-06	-1.844715e-09	-8.062228e-10	-9.879286e+00	-2.229883e+02
1.550000e-06	-1.785082e-09	-7.892469e-10	-9.559665e+00	-2.183151e+02
1.560000e-06	-1.725356e-09	-7.727490e-10	-9.239537e+00	-2.137566e+02
1.570000e-06	-1.665540e-09	-7.560396e-10	-8.918951e+00	-2.091307e+02
1.580000e-06	-1.605648e-09	-7.385495e-10	-8.597966e+00	-2.042869e+02
1.590000e-06	-1.545691e-09	-7.201973e-10	-8.276655e+00	-1.992007e+02
1.600000e-06	-1.485672e-09	-7.012648e-10	-7.955025e+00	-1.939470e+02
1.610000e-06	-1.425591e-09	-6.820676e-10	-7.633039e+00	-1.886434e+02
1.620000e-06	-1.365455e-09	-6.631558e-10	-7.310757e+00	-1.834475e+02
1.630000e-06	-1.305267e-09	-6.450378e-10	-6.988214e+00	-1.784551e+02
1.640000e-06	-1.245004e-09	-6.275679e-10	-6.665259e+00	-1.736162e+02
1.650000e-06	-1.184666e-09	-6.103270e-10	-6.341892e+00	-1.688340e+02
1.660000e-06	-1.124273e-09	-5.925469e-10	-6.018203e+00	-1.639044e+02
1.670000e-06	-1.063832e-09	-5.734761e-10	-5.694246e+00	-1.586242e+02
1.680000e-06	-1.003337e-09	-5.535931e-10	-5.370006e+00	-1.531264e+02
1.690000e-06	-9.427869e-10	-5.338541e-10	-5.045420e+00	-1.476698e+02
1.700000e-06	-8.821942e-10	-5.145595e-10	-4.720556e+00	-1.423383e+02
1.710000e-06	-8.215436e-10	-4.957242e-10	-4.395417e+00	-1.371368e+02
1.720000e-06	-7.608339e-10	-4.771436e-10	-4.070009e+00	-1.320077e+02
1.730000e-06	-7.000652e-10	-4.585088e-10	-3.744280e+00	-1.268554e+02
1.740000e-06	-6.392471e-10	-4.396898e-10	-3.418274e+00	-1.216397e+02
1.750000e-06	-5.783895e-10	-4.205024e-10	-3.092055e+00	-1.163269e+02
1.760000e-06	-5.174766e-10	-4.007990e-10	-2.765552e+00	-1.108860e+02
1.770000e-06	-4.565167e-10	-3.806340e-10	-2.438793e+00	-1.053117e+02
1.780000e-06	-3.955086e-10	-3.601166e-10	-2.111744e+00	-9.963843e+01
1.790000e-06	-3.344588e-10	-3.400841e-10	-1.784491e+00	-9.411132e+01
1.800000e-06	-2.733884e-10	-3.210884e-10	-1.457153e+00	-8.886293e+01
1.810000e-06	-2.123210e-10	-3.021456e-10	-1.129791e+00	-8.362411e+01
1.820000e-06	-1.512648e-10	-2.827152e-10	-8.024381e-01	-7.824922e+01
1.830000e-06	-9.020477e-11	-2.631047e-10	-4.750762e-01	-7.282512e+01
1.840000e-06	-2.913605e-11	-2.434257e-10	-1.477348e-01	-6.737488e+01
1.850000e-06	3.193462e-11	-2.235240e-10	1.795798e-01	-6.185093e+01
1.860000e-06	9.299122e-11	-2.032768e-10	5.068438e-01	-5.624573e+01
1.870000e-06	1.540374e-10	-1.830055e-10	8.340577e-01	-5.064377e+01
1.880000e-06	2.150902e-10	-1.630534e-10	1.161318e+00	-4.511311e+01
1.890000e-06	2.761510e-10	-1.432501e-10	1.488618e+00	-3.962631e+01
1.900000e-06	3.371966e-10	-1.234942e-10	1.815842e+00	-3.417048e+01
1.910000e-06	3.982093e-10	-1.038376e-10	2.142900e+00	-2.874360e+01
1.920000e-06	4.591866e-10	-8.418885e-11	2.469756e+00	-2.331362e+01
1.930000e-06	5.201181e-10	-6.437876e-11	2.796361e+00	-1.781959e+01
1.940000e-06	5.810060e-10	-4.421104e-11	3.122722e+00	-1.220796e+01
1.950000e-06	6.418480e-10	-2.359145e-11	3.448829e+00	-6.492266e+00
1.960000e-06	7.026239e-10	-2.581819e-12	3.774593e+00	-6.980862e-01
1.970000e-06	7.633326e-10	1.853601e-11	4.100010e+00	5.135546e+00
1.980000e-06	8.239800e-10	3.941808e-11	4.425111e+00	1.091417e+01
1.990000e-06	8.845665e-10	5.983232e-11	4.749879e+00	1.655982e+01
2.000000e-06	9.450985e-10	7.988031e-11	5.074337e+00	2.210464e+01
2.010000e-06	1.005574e-09	9.997273e-11	5.398532e+00	2.765827e+01
2.020000e-06	1.065991e-09	1.206208e-10	5.722403e+00	3.336940e+01
2.030000e-06	1.126350e-09	1.420018e-10	6.045930e+00	3.929509e+01
2.040000e-06	1.186656e-09	1.636377e-10	6.369137e+00	4.530092e+01
2.050000e-06	1.246917e-09	1.850988e-10	6.692076e+00	5.126093e+01
2.060000e-06	1.307122e-09	2.064885e-10	7.014711e+00	5.718263e+01
2.070000e-06	1.367265e-09	2.279161e-10	7.337018e+00	6.310144e+01
2.080000e-06	1.427347e-09	2.491868e-10	7.658976e+00	6.899120e+01
2.090000e-06	1.487368e-09	2.703565e-10	7.980595e+00	7.485385e+01
2.100000e-06	1.547331e-09	2.917420e-10	8.301927e+00	8.075889e+01
2.110000e-06	1.607228e-09	3.135717e-10	8.622913e+00	8.679008e+01
2.120000e-06	1.667048e-09	3.358637e-10	8.943468e+00	9.297075e+01
2.130000e-06	1.726790e-09	3.584043e-10	9.263580e+00	9.922445e+01
2.140000e-06	1.786441e-09	3.806639e-10	9.583250e+00	1.054033e+02
2.150000e-06	1.845992e-09	4.025244e-10	9.902458e+00	1.114679e+02
2.160000e-06	1.905430e-09	4.242380e-10	1.022109e+01	1.174657e+02
2.170000e-06	1.964717e-09	4.459185e-10	1.053887e+01	1.234361e+02
2.180000e-06	2.023843e-09	4.676021e-10	1.085575e+01	1.294301e+02
2.190000e-06	2.082778e-09	4.894900e-10	1.117157e+01	1.355068e+02
2.200000e-06	2.141483e-09	5.119385e-10	1.148618e+01	1.417145e+02
2.210000e-06	2.199929e-09	5.345269e-10	1.179946e+01	1.479421e+02
2.220000e-06	2.258097e-09	5.566732e-10	1.211129e+01	1.540852e+02
2.230000e-06	2.315977e-09	5.785635e-10	1.242159e+01	1.601802e+02
2.240000e-06	2.373545e-09	6.003126e-10	1.273023e+01	1.662117e+02
2.250000e-06	2.430804e-09	6.217469e-10	1.303720e+01	1.721353e+02
2.260000e-06	2.487786e-09	6.432227e-10	1.334267e+01	1.780580e+02
2.270000e-06	2.544538e-09	6.649466e-10	1.364694e+01	1.840418e+02
2.280000e-06	2.601094e-09	6.864126e-10	1.395013e+01	1.899645e+02
2.290000e-06	2.657477e-09	7.075871e-10	1.425236e+01	1.958297e+02
2.300000e-06	2.713724e-09	7.288293e-10	1.455383e+01	2.017032e+02
2.310000e-06	2.769845e-09	7.496623e-10	1.485460e+01	2.074609e+02
2.320000e-06	2.825846e-09	7.699103e-10	1.515472e+01	2.130805e+02
2.330000e-06	2.881712e-09	7.900449e-10	1.545412e+01	2.186610e+02
2.340000e-06	2.937443e-09	8.100682e-10	1.575279e+01	2.241973e+02
2.350000e-06	2.993032e-09	8.301775e-10	1.605071e+01	2.297464e+02
2.360000e-06	3.048437e-09	8.505203e-10	1.634767e+01	2.353408e+02
2.370000e-06	3.103619e-09	8.704655e-10	1.664344e+01	2.408328e+02
2.380000e-06	3.158570e-09	8.897714e-10	1.693798e+01	2.461795e+02
2.390000e-06	3.213290e-09	9.090041e-10	1.723126e+01	2.515136e+02
2.400000e-06	3.267780e-09	9.282791e-10	1.752326e+01	2.568413e+02
2.410000e-06	3.322044e-09	9.471650e-10	1.781405e+01	2.620584e+02
2.420000e-06	3.376103e-09	9.656984e-10	1.810375e+01	2.671765e+02
2.430000e-06	3.429965e-09	9.839736e-10	1.839244e+01	2.722256e+02
2.440000e-06	3.483600e-09	1.002177e-09	1.867992e+01	2.772505e+02
2.450000e-06	3.536980e-09	1.020384e-09	1.896602e+01	2.822544e+02
2.460000e-06	3.590098e-09	1.038313e-09	1.925076e+01	2.871819e+02
2.470000e-06	3.642937e-09	1.055726e-09	1.953398e+01	2.919911e+02
2.480000e-06	3.695499e-09	1.072653e-09	1.981570e+01	2.966901e+02
2.490000e-06	3.747786e-09	1.089626e-09	2.009593e+01	3.013880e+02
2.500000e-06	3.799794e-09	1.106633e-09	2.037465e+01	3.060588e+02
2.510000e-06	3.851516e-09	1.122946e-09	2.065189e+01	3.105289e+02
2.520000e-06	3.902918e-09	1.138433e-09	2.092743e+01	3.148110e+02
2.530000e-06	3.953944e-09	1.153966e-09	2.120095e+01	3.191353e+02
2.540000e-06	4.004525e-09	1.169902e-09	2.147209e+01	3.235500e+02
2.550000e-06	4.054653e-09	1.185978e-09	2.174076e+01	3.279779e+02
2.560000e-06	4.104322e-09	1.201986e-09	2.200696e+01	3.323736e+02
2.570000e-06	4.153512e-09	1.217347e-09	2.227060e+01	3.365971e+02
2.580000e-06	4.202296e-09	1.232062e-09	2.253206e+01	3.406585e+02
2.590000e-06	4.250783e-09	1.246860e-09	2.279197e+01	3.447409e+02
2.600000e-06	4.299023e-09	1.262001e-09	2.305053e+01	3.489114e+02
2.610000e-06	4.347041e-09	1.277040e-09	2.330785e+01	3.530533e+02
2.620000e-06	4.394845e-09	1.291601e-09	2.356400e+01	3.570697e+02
2.630000e-06	4.442396e-09	1.305833e-09	2.381880e+01	3.609980e+02
2.640000e-06	4.489640e-09	1.319989e-09	2.407202e+01	3.648795e+02
2.650000e-06	4.536546e-09	1.333838e-09	2.432342e+01	3.686459e+02
2.660000e-06	4.583103e-09	1.346917e-09	2.457291e+01	3.722158e+02
2.670000e-06	4.629329e-09	1.359606e-09	2.482061e+01	3.757371e+02
2.680000e-06	4.675248e-09	1.372911e-09	2.506670e+01	3.794570e+02
2.690000e-06	4.720859e-09	1.386844e-09	2.531118e+01	3.833217e+02
2.700000e-06	4.766145e-09	1.400517e-09	2.555395e+01	3.870724e+02
2.710000e-06	4.811104e-09	1.413348e-09	2.579488e+01	3.905629e+02
2.720000e-06	4.855747e-09	1.425251e-09	2.603413e+01	3.938047e+02
2.730000e-06	4.900109e-09	1.436844e-09	2.627188e+01	3.969948e+02
2.740000e-06	4.944248e-09	1.448918e-09	2.650838e+01	4.003175e+02
2.750000e-06	4.988202e-09	1.461251e-09	2.674391e+01	4.036962e+02
2.760000e-06	5.031930e-09	1.473323e-09	2.697828e+01	4.070223e+02
2.770000e-06	5.075337e-09	1.485331e-09	2.721094e+01	4.103665e+02
2.780000e-06	5.118293e-09	1.497598e-09	2.744115e+01	4.137816e+02
2.790000e-06	5.160666e-09	1.509725e-09	2.766825e+01	4.170989e+02
2.800000e-06	5.202395e-09	1.520869e-09	2.789194e+01	4.201106e+02
2.810000e-06	5.243537e-09	1.531083e-09	2.811250e+01	4.228931e+02
2.820000e-06	5.284206e-09	1.541221e-09	2.833053e+01	4.256861e+02
2.830000e-06	5.324527e-09	1.551803e-09	2.854664e+01	4.286219e+02
2.840000e-06	5.364598e-09	1.562954e-09	2.876138e+01	4.317185e+02
2.850000e-06	5.404439e-09	1.574599e-09	2.897489e+01	4.349307e+02
2.860000e-06	5.443993e-09	1.585933e-09	2.918684e+01	4.380346e+02
2.870000e-06	5.483183e-09	1.596125e-09	2.939684e+01	4.408330e+02
2.880000e-06	5.521976e-09	1.605619e-09	2.960477e+01	4.434457e+02
2.890000e-06	5.560358e-09	1.614868e-09	2.981050e+01	4.459717e+02
2.900000e-06	5.598332e-09	1.623991e-09	3.001403e+01	4.484647e+02
2.910000e-06	5.635907e-09	1.633582e-09	3.021538e+01	4.511146e+02
2.920000e-06	5.673080e-09	1.643822e-09	3.041457e+01	4.539544e+02
2.930000e-06	5.709869e-09	1.654100e-09	3.061170e+01	4.567908e+02
2.940000e-06	5.746307e-09	1.663701e-09	3.080695e+01	4.594341e+02
2.950000e-06	5.782474e-09	1.672757e-09	3.100073e+01	4.619251e+02
2.960000e-06	5.818412e-09	1.681674e-09	3.119329e+01	4.643582e+02
2.970000e-06	5.854065e-09	1.690186e-09	3.138433e+01	4.666873e+02
2.980000e-06	5.889298e-09	1.698485e-09	3.157311e+01	4.689838e+02
2.990000e-06	5.923961e-09	1.707292e-09	3.175887e+01	4.714105e+02
3.000000e-06	5.957952e-09	1.716408e-09	3.194113e+01	4.739128e+02
3.010000e-06	5.991257e-09	1.725231e-09	3.211972e+01	4.763459e+02
3.020000e-06	6.023984e-09	1.733722e-09	3.229518e+01	4.787002e+02
3.030000e-06	6.056308e-09	1.742153e-09	3.246845e+01	4.810227e+02
3.040000e-06	6.088345e-09	1.750421e-09	3.264013e+01	4.832784e+02
3.050000e-06	6.120085e-09	1.758474e-09	3.281018e+01	4.854812e+02
3.060000e-06	6.151435e-09	1.766297e-09	3.297818e+01	4.876242e+02
3.070000e-06	6.182341e-09	1.773500e-09	3.314379e+01	4.896074e+02
3.080000e-06	6.212801e-09	1.780382e-09	3.330698e+01	4.915250e+02
3.090000e-06	6.242808e-09	1.787868e-09	3.346779e+01	4.935922e+02
3.100000e-06	6.272387e-09	1.795929e-09	3.362636e+01	4.957821e+02
3.110000e-06	6.301562e-09	1.803681e-09	3.378272e+01	4.978944e+02
3.120000e-06	6.330333e-09	1.810861e-09	3.393691e+01	4.998804e+02
3.130000e-06	6.358754e-09	1.817706e-09	3.408921e+01	5.017684e+02
3.140000e-06	6.386895e-09	1.824326e-09	3.423996e+01	5.035810e+02
3.150000e-06	6.414759e-09	1.830894e-09	3.438920e+01	5.053938e+02
3.160000e-06	6.442254e-09	1.837511e-09	3.453646e+01	5.072252e+02
3.170000e-06	6.469203e-09	1.843926e-09	3.468076e+01	5.090030e+02
3.180000e-06	6.495408e-09	1.850375e-09	3.482111e+01	5.107906e+02
3.190000e-06	6.520829e-09	1.857206e-09	3.495733e+01	5.126611e+02
3.200000e-06	6.545602e-09	1.863728e-09	3.509007e+01	5.144347e+02
3.210000e-06	6.569895e-09	1.869333e-09	3.522023e+01	5.159714e+02
3.220000e-06	6.593817e-09	1.874395e-09	3.534840e+01	5.173725e+02
3.230000e-06	6.617361e-09	1.879714e-09	3.547458e+01	5.188351e+02
3.240000e-06	6.640453e-09	1.885490e-09	3.559832e+01	5.204167e+02
3.250000e-06	6.663070e-09	1.891307e-09	3.571953e+01	5.220148e+02
3.260000e-06	6.685241e-09	1.896753e-09	3.583837e+01	5.235077e+02
3.270000e-06	6.706979e-09	1.901523e-09	3.595484e+01	5.248132e+02
3.280000e-06	6.728270e-09	1.905983e-09	3.606894e+01	5.260359e+02
3.290000e-06	6.749092e-09	1.910830e-09	3.618051e+01	5.273691e+02
3.300000e-06	6.769500e-09	1.916088e-09	3.628987e+01	5.288088e+02
3.310000e-06	6.789597e-09	1.921065e-09	3.639758e+01	5.301794e+02
3.320000e-06	6.809404e-09	1.925479e-09	3.650372e+01	5.314051e+02
3.330000e-06	6.828808e-09	1.929647e-09	3.660768e+01	5.325433e+02
3.340000e-06	6.847651e-09	1.933650e-09	3.670863e+01	5.336200e+02
3.350000e-06	6.865908e-09	1.937342e-09	3.680641e+01	5.346229e+02
3.360000e-06	6.883638e-09	1.940619e-09	3.690137e+01	5.355248e+02
3.370000e-06	6.900949e-09	1.943745e-09	3.699408e+01	5.363781e+02
3.380000e-06	6.917878e-09	1.947207e-09	3.708472e+01	5.373217e+02
3.390000e-06	6.934329e-09	1.951181e-09	3.717279e+01	5.384048e+02
3.400000e-06	6.950208e-09	1.955164e-09	3.725780e+01	5.394931e+02
3.410000e-06	6.965456e-09	1.958495e-09	3.733941e+01	5.404112e+02
3.420000e-06	6.980095e-09	1.961139e-09	3.741777e+01	5.411409e+02
3.430000e-06	6.994213e-09	1.963432e-09	3.749337e+01	5.417728e+02
3.440000e-06	7.007827e-09	1.965865e-09	3.756630e+01	5.424458e+02
3.450000e-06	7.020912e-09	1.968717e-09	3.763637e+01	5.432294e+02
3.460000e-06	7.033477e-09	1.971584e-09	3.770362e+01	5.440041e+02
3.470000e-06	7.045566e-09	1.974186e-09	3.776838e+01	5.447096e+02
3.480000e-06	7.057174e-09	1.976654e-09	3.783057e+01	5.453847e+02
3.490000e-06	7.068164e-09	1.979046e-09	3.788936e+01	5.460384e+02
3.500000e-06	7.078406e-09	1.981310e-09	3.794415e+01	5.466616e+02
3.510000e-06	7.087857e-09	1.983043e-09	3.799473e+01	5.471417e+02
3.520000e-06	7.096622e-09	1.984164e-09	3.804165e+01	5.474468e+02
3.530000e-06	7.104927e-09	1.985464e-09	3.808612e+01	5.477934e+02
3.540000e-06	7.112893e-09	1.987510e-09	3.812878e+01	5.483494e+02
3.550000e-06	7.120511e-09	1.989911e-09	3.816954e+01	5.490107e+02
3.560000e-06	7.127667e-09	1.991863e-09	3.820779e+01	5.495501e+02
3.570000e-06	7.134287e-09	1.993030e-09	3.824313e+01	5.498787e+02
3.580000e-06	7.140396e-09	1.993793e-09	3.827577e+01	5.501010e+02
3.590000e-06	7.145987e-09	1.994625e-09	3.830570e+01	5.503365e+02
3.600000e-06	7.151053e-09	1.995583e-09	3.833281e+01	5.505928e+02
3.610000e-06	7.155639e-09	1.996318e-09	3.835736e+01	5.507801e+02
3.620000e-06	7.159866e-09	1.996865e-09	3.837998e+01	5.509265e+02
3.630000e-06	7.163784e-09	1.997668e-09	3.840093e+01	5.511599e+02
3.640000e-06	7.167277e-09	1.998808e-09	3.841960e+01	5.514857e+02
3.650000e-06	7.170174e-09	1.999811e-09	3.843509e+01	5.517624e+02
3.660000e-06	7.172345e-09	2.000025e-09	3.844669e+01	5.518211e+02
3.670000e-06	7.173752e-09	1.999777e-09	3.845423e+01	5.517407e+02
3.680000e-06	7.174510e-09	1.999617e-09	3.845828e+01	5.516732e+02
3.690000e-06	7.174814e-09	1.999691e-09	3.845987e+01	5.516870e+02
3.700000e-06	7.174770e-09	2.000200e-09	3.845958e+01	5.518240e+02
3.710000e-06	7.174341e-09	2.000345e-09	3.845723e+01	5.518698e+02
3.720000e-06	7.173431e-09	1.999700e-09	3.845233e+01	5.517191e+02
3.730000e-06	7.172023e-09	1.998934e-09	3.844475e+01	5.515276e+02
3.740000e-06	7.170174e-09	1.998353e-09	3.843477e+01	5.513691e+02
3.750000e-06	7.167889e-09	1.998264e-09	3.842247e+01	5.513256e+02
3.760000e-06	7.165130e-09	1.998630e-09	3.840763e+01	5.514033e+02
3.770000e-06	7.161895e-09	1.998526e-09	3.839022e+01	5.513332e+02
3.780000e-06	7.158186e-09	1.996414e-09	3.837031e+01	5.507015e+02
3.790000e-06	7.153863e-09	1.995443e-09	3.834707e+01	5.504939e+02
3.800000e-06	7.148687e-09	1.999355e-09	3.831922e+01	5.516736e+02
3.810000e-06	7.142726e-09	1.996431e-09	3.828719e+01	5.509676e+02
3.820000e-06	7.136374e-09	1.986430e-09	3.825312e+01	5.480889e+02
3.830000e-06	7.129792e-09	1.986689e-09	3.821788e+01	5.479391e+02
3.840000e-06	7.122753e-09	1.993357e-09	3.818016e+01	5.499744e+02
3.850000e-06	7.115148e-09	1.990500e-09	3.813936e+01	5.493954e+02
3.860000e-06	7.107159e-09	1.979501e-09	3.809650e+01	5.462080e+02
3.870000e-06	7.098853e-09	1.980438e-09	3.805191e+01	5.462758e+02
3.880000e-06	7.090035e-09	1.991557e-09	3.800457e+01	5.495252e+02
3.890000e-06	7.080587e-09	1.989966e-09	3.795383e+01	5.493164e+02
3.900000e-06	7.070667e-09	1.979063e-09	3.790060e+01	5.460684e+02
3.910000e-06	7.060408e-09	1.979161e-09	3.784554e+01	5.459393e+02
3.920000e-06	7.049653e-09	1.987870e-09	3.778781e+01	5.487826e+02
3.930000e-06	7.038273e-09	1.987590e-09	3.772673e+01	5.490260e+02
3.940000e-06	7.026346e-09	1.981586e-09	3.766272e+01	5.469253e+02
3.950000e-06	7.013830e-09	1.980373e-09	3.759556e+01	5.462773e+02
3.960000e-06	7.000505e-09	1.977816e-09	3.752409e+01	5.460188e+02
3.970000e-06	6.986324e-09	1.971271e-09	3.744805e+01	5.445594e+02
3.980000e-06	6.971492e-09	1.974041e-09	3.736851e+01	5.451014e+02
3.990000e-06	6.956156e-09	1.983125e-09	3.728625e+01	5.474643e+02
4.000000e-06	6.940386e-09	1.976780e-09	3.720164e+01	5.458293e+02
4.010000e-06	6.924268e-09	1.961466e-09	3.711518e+01	5.413919e+02
4.020000e-06	6.907750e-09	1.960739e-09	3.702657e+01	5.408927e+02
4.030000e-06	6.890705e-09	1.966956e-09	3.693514e+01	5.429665e+02
4.040000e-06	6.873151e-09	1.965343e-09	3.684096e+01	5.429265e+02
4.050000e-06	6.855164e-09	1.967931e-09	3.674448e+01	5.434479e+02
4.060000e-06	6.836715e-09	1.977451e-09	3.664552e+01	5.458778e+02
4.070000e-06	6.817755e-09	1.971804e-09	3.654380e+01	5.444041e+02
4.080000e-06	6.798353e-09	1.956638e-09	3.643974e+01	5.400259e+02
4.090000e-06	6.778614e-09	1.955596e-09	3.633387e+01	5.394207e+02
4.100000e-06	6.758551e-09	1.958334e-09	3.622623e+01	5.404279e+02
4.110000e-06	6.738076e-09	1.951704e-09	3.611637e+01	5.389327e+02
4.120000e-06	6.717033e-09	1.952939e-09	3.600342e+01	5.391508e+02
4.130000e-06	6.695258e-09	1.963581e-09	3.588652e+01	5.420266e+02
4.140000e-06	6.672725e-09	1.958983e-09	3.576555e+01	5.409579e+02
4.150000e-06	6.649556e-09	1.948667e-09	3.564121e+01	5.379878e+02
4.160000e-06	6.625914e-09	1.951715e-09	3.551446e+01	5.385799e+02
4.170000e-06	6.601929e-09	1.949038e-09	3.538594e+01	5.379932e+02
4.180000e-06	6.577616e-09	1.936342e-09	3.525563e+01	5.345993e+02
4.190000e-06	6.552880e-09	1.936398e-09	3.512301e+01	5.343934e+02
4.200000e-06	6.527658e-09	1.937908e-09	3.498775e+01	5.348049e+02
4.210000e-06	6.501966e-09	1.925266e-09	3.485000e+01	5.314957e+02
4.220000e-06	6.475813e-09	1.918654e-09	3.470977e+01	5.296093e+02
4.230000e-06	6.449175e-09	1.921903e-09	3.456698e+01	5.304066e+02
4.240000e-06	6.422052e-09	1.915259e-09	3.442159e+01	5.286239e+02
4.250000e-06	6.394526e-09	1.903749e-09	3.427402e+01	5.254764e+02
4.260000e-06	6.366695e-09	1.900814e-09	3.412483e+01	5.246525e+02
4.270000e-06	6.338581e-09	1.899014e-09	3.397414e+01	5.241243e+02
4.280000e-06	6.310090e-09	1.891807e-09	3.382141e+01	5.221193e+02
4.290000e-06	6.281071e-09	1.885297e-09	3.366579e+01	5.203625e+02
4.300000e-06	6.251395e-09	1.881174e-09	3.350656e+01	5.192085e+02
4.310000e-06	6.221023e-09	1.874349e-09	3.334359e+01	5.173128e+02
4.320000e-06	6.190015e-09	1.866317e-09	3.317727e+01	5.151902e+02
4.330000e-06	6.158515e-09	1.862485e-09	3.300838e+01	5.141083e+02
4.340000e-06	6.126659e-09	1.859081e-09	3.283758e+01	5.130422e+02
4.350000e-06	6.094472e-09	1.850082e-09	3.266501e+01	5.106325e+02
4.360000e-06	6.061900e-09	1.841978e-09	3.249036e+01	5.084692e+02
4.370000e-06	6.028878e-09	1.838893e-09	3.231329e+01	5.075138e+02
4.380000e-06	5.995405e-09	1.832895e-09	3.213380e+01	5.058709e+02
4.390000e-06	5.961536e-09	1.823391e-09	3.195222e+01	5.033523e+02
4.400000e-06	5.927294e-09	1.817238e-09	3.176862e+01	5.016112e+02
4.410000e-06	5.892642e-09	1.811240e-09	3.158284e+01	4.999482e+02
4.420000e-06	5.857560e-09	1.803171e-09	3.139477e+01	4.977818e+02
4.430000e-06	5.822118e-09	1.797623e-09	3.120478e+01	4.961748e+02
4.440000e-06	5.786410e-09	1.791654e-09	3.101336e+01	4.944588e+02
4.450000e-06	5.750464e-09	1.781786e-09	3.082063e+01	4.918076e+02
4.460000e-06	5.714214e-09	1.773317e-09	3.062625e+01	4.895063e+02
4.470000e-06	5.677533e-09	1.767239e-09	3.042953e+01	4.878034e+02
4.480000e-06	5.640276e-09	1.759984e-09	3.022973e+01	4.858112e+02
4.490000e-06	5.602346e-09	1.752095e-09	3.002629e+01	4.836538e+02
4.500000e-06	5.563768e-09	1.744029e-09	2.981934e+01	4.814274e+02
4.510000e-06	5.524667e-09	1.735489e-09	2.960961e+01	4.790807e+02
4.520000e-06	5.485150e-09	1.728045e-09	2.939772e+01	4.770270e+02
4.530000e-06	5.445308e-09	1.720478e-09	2.918413e+01	4.749407e+02
4.540000e-06	5.405209e-09	1.711247e-09	2.896913e+01	4.724047e+02
4.550000e-06	5.364823e-09	1.702320e-09	2.875260e+01	4.699386e+02
4.560000e-06	5.324072e-09	1.694178e-09	2.853409e+01	4.676948e+02
4.570000e-06	5.282931e-09	1.686041e-09	2.831346e+01	4.654491e+02
4.580000e-06	5.241413e-09	1.678169e-09	2.809083e+01	4.632548e+02
4.590000e-06	5.199557e-09	1.669433e-09	2.786644e+01	4.608405e+02
4.600000e-06	5.157388e-09	1.659311e-09	2.764036e+01	4.580742e+02
4.610000e-06	5.114862e-09	1.649687e-09	2.741241e+01	4.554295e+02
4.620000e-06	5.071947e-09	1.641038e-09	2.718243e+01	4.530292e+02
4.630000e-06	5.028668e-09	1.632306e-09	2.695047e+01	4.506048e+02
4.640000e-06	4.985083e-09	1.622971e-09	2.671683e+01	4.480206e+02
4.650000e-06	4.941261e-09	1.613304e-09	2.648194e+01	4.453514e+02
4.660000e-06	4.897221e-09	1.603687e-09	2.624593e+01	4.427039e+02
4.670000e-06	4.852903e-09	1.594024e-09	2.600842e+01	4.400420e+02
4.680000e-06	4.808241e-09	1.583900e-09	2.576899e+01	4.372566e+02
4.690000e-06	4.763212e-09	1.573219e-09	2.552749e+01	4.343127e+02
4.700000e-06	4.717814e-09	1.562153e-09	2.528399e+01	4.312585e+02
4.710000e-06	4.672045e-09	1.551590e-09	2.503852e+01	4.283309e+02
4.720000e-06	4.625948e-09	1.541496e-09	2.479133e+01	4.255253e+02
4.730000e-06	4.579568e-09	1.530830e-09	2.454265e+01	4.225796e+02
4.740000e-06	4.532926e-09	1.519539e-09	2.429258e+01	4.194849e+02
4.750000e-06	4.486048e-09	1.508391e-09	2.404126e+01	4.164308e+02
4.760000e-06	4.438863e-09	1.497387e-09	2.378827e+01	4.134020e+02
4.770000e-06	4.391314e-09	1.486129e-09	2.353332e+01	4.102859e+02
4.780000e-06	4.343383e-09	1.474474e-09	2.327638e+01	4.070570e+02
4.790000e-06	4.295051e-09	1.462301e-09	2.301724e+01	4.037010e+02
4.800000e-06	4.246316e-09	1.450030e-09	2.275584e+01	4.003365e+02
4.810000e-06	4.197187e-09	1.438590e-09	2.249235e+01	3.971865e+02
4.820000e-06	4.147729e-09	1.427508e-09	2.222719e+01	3.941175e+02
4.830000e-06	4.097976e-09	1.415561e-09	2.196048e+01	3.908359e+02
4.840000e-06	4.047932e-09	1.403134e-09	2.169214e+01	3.874330e+02
4.850000e-06	3.997600e-09	1.390693e-09	2.142223e+01	3.839924e+02
4.860000e-06	3.946960e-09	1.377927e-09	2.115070e+01	3.804433e+02
4.870000e-06	3.896006e-09	1.364857e-09	2.087753e+01	3.768375e+02
4.880000e-06	3.844766e-09	1.351953e-09	2.060282e+01	3.732976e+02
4.890000e-06	3.793248e-09	1.339320e-09	2.032662e+01	3.698336e+02
4.900000e-06	3.741458e-09	1.326697e-09	2.004897e+01	3.663571e+02
4.910000e-06	3.689405e-09	1.313979e-09	1.976990e+01	3.628384e+02
4.920000e-06	3.637078e-09	1.301268e-09	1.948937e+01	3.593256e+02
4.930000e-06	3.584436e-09	1.288164e-09	1.920715e+01	3.557120e+02
4.940000e-06	3.531446e-09	1.274035e-09	1.892304e+01	3.518157e+02
4.950000e-06	3.478069e-09	1.259465e-09	1.863680e+01	3.478010e+02
4.960000e-06	3.424298e-09	1.245672e-09	1.834845e+01	3.439957e+02
4.970000e-06	3.370169e-09	1.232513e-09	1.805812e+01	3.403582e+02
4.980000e-06	3.315692e-09	1.218966e-09	1.776585e+01	3.366313e+02
4.990000e-06	3.260874e-09	1.204826e-09	1.747184e+01	3.327470e+02
5.000000e-06	3.205743e-09	1.190505e-09	1.717623e+01	3.287882e+02
5.010000e-06	3.150368e-09	1.176162e-09	1.687936e+01	3.248225e+02
5.020000e-06	3.094788e-09	1.161852e-09	1.658143e+01	3.208738e+02
5.030000e-06	3.039038e-09	1.147191e-09	1.628258e+01	3.168237e+02
5.040000e-06	2.983146e-09	1.131937e-09	1.598298e+01	3.126116e+02
5.050000e-06	2.927103e-09	1.116417e-09	1.568258e+01	3.083297e+02
5.060000e-06	2.870914e-09	1.101064e-09	1.538138e+01	3.040946e+02
5.070000e-06	2.814573e-09	1.085904e-09	1.507933e+01	2.999125e+02
5.080000e-06	2.758061e-09	1.070441e-09	1.477635e+01	2.956552e+02
5.090000e-06	2.701357e-09	1.054651e-09	1.447232e+01	2.913062e+02
5.100000e-06	2.644448e-09	1.038766e-09	1.416720e+01	2.869203e+02
5.110000e-06	2.587360e-09	1.022867e-09	1.386118e+01	2.825284e+02
5.120000e-06	2.530107e-09	1.007011e-09	1.355426e+01	2.781466e+02
5.130000e-06	2.472666e-09	9.907329e-10	1.324629e+01	2.736485e+02
5.140000e-06	2.415056e-09	9.737434e-10	1.293741e+01	2.689550e+02
5.150000e-06	2.357290e-09	9.566973e-10	1.262772e+01	2.642478e+02
5.160000e-06	2.299354e-09	9.400586e-10	1.231714e+01	2.596658e+02
5.170000e-06	2.241250e-09	9.237908e-10	1.200569e+01	2.551849e+02
5.180000e-06	2.182964e-09	9.075894e-10	1.169325e+01	2.506986e+02
5.190000e-06	2.124506e-09	8.909264e-10	1.137983e+01	2.460820e+02
5.200000e-06	2.065875e-09	8.736186e-10	1.106548e+01	2.412984e+02
5.210000e-06	2.007068e-09	8.561467e-10	1.075022e+01	2.364650e+02
5.220000e-06	1.948123e-09	8.387310e-10	1.043423e+01	2.316531e+02
5.230000e-06	1.889047e-09	8.208162e-10	1.011754e+01	2.267152e+02
5.240000e-06	1.829846e-09	8.026061e-10	9.800219e+00	2.216956e+02
5.250000e-06	1.770539e-09	7.849631e-10	9.482340e+00	2.168263e+02
5.260000e-06	1.711124e-09	7.676294e-10	9.163854e+00	2.120411e+02
5.270000e-06	1.651615e-09	7.502554e-10	8.844859e+00	2.072368e+02
5.280000e-06	1.592028e-09	7.327625e-10	8.525447e+00	2.023852e+02
5.290000e-06	1.532378e-09	7.146294e-10	8.205688e+00	1.973629e+02
5.300000e-06	1.472662e-09	6.959268e-10	7.885578e+00	1.921957e+02
5.310000e-06	1.412880e-09	6.772982e-10	7.565122e+00	1.870610e+02
5.320000e-06	1.353038e-09	6.588928e-10	7.244384e+00	1.819889e+02
5.330000e-06	1.293140e-09	6.403421e-10	6.923328e+00	1.768580e+02
5.340000e-06	1.233183e-09	6.215237e-10	6.601937e+00	1.716473e+02
5.350000e-06	1.173167e-09	6.028089e-10	6.280276e+00	1.664700e+02
5.360000e-06	1.113114e-09	5.842129e-10	5.958377e+00	1.613336e+02
5.370000e-06	1.053014e-09	5.655290e-10	5.636196e+00	1.561759e+02
5.380000e-06	9.928534e-10	5.466814e-10	5.313725e+00	1.509756e+02
5.390000e-06	9.326534e-10	5.273944e-10	4.991058e+00	1.456542e+02
5.400000e-06	8.724081e-10	5.077694e-10	4.668126e+00	1.402427e+02
5.410000e-06	8.121017e-10	4.886373e-10	4.344829e+00	1.349674e+02
5.420000e-06	7.517480e-10	4.700216e-10	4.021291e+00	1.298178e+02
5.430000e-06	6.913539e-10	4.510189e-10	3.697519e+00	1.245535e+02
5.440000e-06	6.309197e-10	4.313723e-10	3.373503e+00	1.191210e+02
5.450000e-06	5.704432e-10	4.114529e-10	3.049286e+00	1.136239e+02
5.460000e-06	5.099079e-10	3.917966e-10	2.724765e+00	1.081986e+02
5.470000e-06	4.493171e-10	3.725676e-10	2.399972e+00	1.028909e+02
5.480000e-06	3.886789e-10	3.532874e-10	2.074961e+00	9.756630e+01
5.490000e-06	3.279955e-10	3.334102e-10	1.749720e+00	9.208103e+01
5.500000e-06	2.672957e-10	3.133330e-10	1.424372e+00	8.654474e+01
5.510000e-06	2.065988e-10	2.936385e-10	1.098981e+00	8.110269e+01
5.520000e-06	1.459064e-10	2.740578e-10	7.735822e-01	7.568293e+01
5.530000e-06	8.521847e-11	2.541789e-10	4.482072e-01	7.017714e+01
5.540000e-06	2.454816e-11	2.339111e-10	1.229104e-01	6.456794e+01
5.550000e-06	-3.611828e-11	2.136378e-10	-2.023445e-01	5.897264e+01
5.560000e-06	-9.680268e-11	1.940293e-10	-5.276641e-01	5.356865e+01
5.570000e-06	-1.574825e-10	1.748813e-10	-8.529906e-01	4.827554e+01
5.580000e-06	-2.181505e-10	1.550197e-10	-1.178268e+00	4.277231e+01
5.590000e-06	-2.788092e-10	1.341703e-10	-1.503474e+00	3.701052e+01
5.600000e-06	-3.394450e-10	1.136320e-10	-1.828545e+00	3.134621e+01
5.610000e-06	-4.000321e-10	9.429163e-11	-2.153331e+00	2.599750e+01
5.620000e-06	-4.605901e-10	7.526091e-11	-2.477943e+00	2.071843e+01
5.630000e-06	-5.211212e-10	5.540716e-11	-2.802455e+00	1.522347e+01
5.640000e-06	-5.815992e-10	3.482949e-11	-3.126697e+00	9.549155e+00
5.650000e-06	-6.420191e-10	1.438793e-11	-3.450588e+00	3.914967e+00
5.660000e-06	-7.023858e-10	-5.596918e-12	-3.774162e+00	-1.598687e+00
5.670000e-06	-7.627085e-10	-2.576510e-11	-4.097499e+00	-7.177534e+00
5.680000e-06	-8.229818e-10	-4.659751e-11	-4.420578e+00	-1.295495e+01
5.690000e-06	-8.832068e-10	-6.754168e-11	-4.743392e+00	-1.875243e+01
5.700000e-06	-9.433859e-10	-8.778314e-11	-5.065944e+00	-2.433203e+01
5.710000e-06	-1.003523e-09	-1.074192e-10	-5.388246e+00	-2.974334e+01
5.720000e-06	-1.063605e-09	-1.273636e-10	-5.710279e+00	-3.526580e+01
5.730000e-06	-1.123631e-09	-1.483733e-10	-6.032046e+00	-4.108382e+01
5.740000e-06	-1.183614e-09	-1.699440e-10	-6.353562e+00	-4.703708e+01
5.750000e-06	-1.243547e-09	-1.910210e-10	-6.674795e+00	-5.285626e+01
5.760000e-06	-1.303424e-09	-2.117503e-10	-6.995739e+00	-5.858573e+01
5.770000e-06	-1.363261e-09	-2.328103e-10	-7.316434e+00	-6.440177e+01
5.780000e-06	-1.423049e-09	-2.541876e-10	-7.636855e+00	-7.029894e+01
5.790000e-06	-1.482769e-09	-2.755702e-10	-7.956932e+00	-7.620585e+01
5.800000e-06	-1.542402e-09	-2.967458e-10	-8.276534e+00	-8.206794e+01
5.810000e-06	-1.601951e-09	-3.176815e-10	-8.595668e+00	-8.787400e+01
5.820000e-06	-1.661422e-09	-3.389315e-10	-8.914368e+00	-9.376873e+01
5.830000e-06	-1.720791e-09	-3.607696e-10	-9.232537e+00	-9.980678e+01
5.840000e-06	-1.780053e-09	-3.826287e-10	-9.550201e+00	-1.058344e+02
5.850000e-06	-1.839203e-09	-4.042899e-10	-9.867296e+00	-1.118042e+02
5.860000e-06	-1.898229e-09	-4.259595e-10	-1.018369e+01	-1.177790e+02
5.870000e-06	-1.957113e-09	-4.478533e-10	-1.049932e+01	-1.238216e+02
5.880000e-06	-2.015837e-09	-4.699523e-10	-1.081406e+01	-1.299328e+02
5.890000e-06	-2.074400e-09	-4.917253e-10	-1.112793e+01	-1.359744e+02
5.900000e-06	-2.132807e-09	-5.129865e-10	-1.144096e+01	-1.418744e+02
5.910000e-06	-2.191054e-09	-5.341570e-10	-1.175316e+01	-1.477307e+02
5.920000e-06	-2.249135e-09	-5.558958e-10	-1.206449e+01	-1.537263e+02
5.930000e-06	-2.307045e-09	-5.783715e-10	-1.237487e+01	-1.599041e+02
5.940000e-06	-2.364795e-09	-6.006205e-10	-1.268440e+01	-1.660288e+02
5.950000e-06	-2.422379e-09	-6.220824e-10	-1.299308e+01	-1.719597e+02
5.960000e-06	-2.479773e-09	-6.432615e-10	-1.330070e+01	-1.778109e+02
5.970000e-06	-2.536975e-09	-6.645248e-10	-1.360726e+01	-1.836869e+02
5.980000e-06	-2.593993e-09	-6.859827e-10	-1.391285e+01	-1.896304e+02
5.990000e-06	-2.650809e-09	-7.075321e-10	-1.421740e+01	-1.955989e+02
6.000000e-06	-2.707426e-09	-7.287670e-10	-1.452086e+01	-2.014652e+02
6.010000e-06	-2.763850e-09	-7.495265e-10	-1.482327e+01	-2.071746e+02
6.020000e-06	-2.820094e-09	-7.701678e-10	-1.512472e+01	-2.128334e+02
6.030000e-06	-2.876204e-09	-7.906987e-10	-1.542543e+01	-2.184824e+02
6.040000e-06	-2.932188e-09	-8.107117e-10	-1.572545e+01	-2.240204e+02
6.050000e-06	-2.988045e-09	-8.304432e-10	-1.602476e+01	-2.294842e+02
6.060000e-06	-3.043772e-09	-8.502907e-10	-1.632340e+01	-2.349670e+02
6.070000e-06	-3.099343e-09	-8.704251e-10	-1.662122e+01	-2.405255e+02
6.080000e-06	-3.154713e-09	-8.907726e-10	-1.691793e+01	-2.461418e+02
6.090000e-06	-3.209818e-09	-9.107096e-10	-1.721326e+01	-2.516518e+02
6.100000e-06	-3.264622e-09	-9.299279e-10	-1.750706e+01	-2.569682e+02
6.110000e-06	-3.319076e-09	-9.488811e-10	-1.779897e+01	-2.621855e+02
6.120000e-06	-3.373136e-09	-9.677772e-10	-1.808872e+01	-2.673858e+02
6.130000e-06	-3.426801e-09	-9.868736e-10	-1.837637e+01	-2.726741e+02
6.140000e-06	-3.480074e-09	-1.006319e-09	-1.866191e+01	-2.780474e+02
6.150000e-06	-3.532967e-09	-1.025147e-09	-1.894542e+01	-2.832291e+02
6.160000e-06	-3.585511e-09	-1.043210e-09	-1.922709e+01	-2.882053e+02
6.170000e-06	-3.637767e-09	-1.061040e-09	-1.950722e+01	-2.931224e+02
6.180000e-06	-3.689787e-09	-1.078387e-09	-1.978605e+01	-2.979179e+02
6.190000e-06	-3.741567e-09	-1.095334e-09	-2.006358e+01	-3.026138e+02
6.200000e-06	-3.793094e-09	-1.112339e-09	-2.033979e+01	-3.073199e+02
6.210000e-06	-3.844358e-09	-1.129700e-09	-2.061458e+01	-3.121008e+02
6.220000e-06	-3.895313e-09	-1.147301e-09	-2.088771e+01	-3.169360e+02
6.230000e-06	-3.945958e-09	-1.164518e-09	-2.115918e+01	-3.216788e+02
6.240000e-06	-3.996301e-09	-1.180817e-09	-2.142907e+01	-3.261791e+02
6.250000e-06	-4.046351e-09	-1.196320e-09	-2.169743e+01	-3.304382e+02
6.260000e-06	-4.096107e-09	-1.211375e-09	-2.196413e+01	-3.345759e+02
6.270000e-06	-4.145518e-09	-1.226594e-09	-2.222899e+01	-3.387950e+02
6.280000e-06	-4.194527e-09	-1.242347e-09	-2.249175e+01	-3.431634e+02
6.290000e-06	-4.243076e-09	-1.258215e-09	-2.275198e+01	-3.475514e+02
6.300000e-06	-4.291137e-09	-1.273913e-09	-2.300957e+01	-3.518846e+02
6.310000e-06	-4.338744e-09	-1.289345e-09	-2.326479e+01	-3.561202e+02
6.320000e-06	-4.385961e-09	-1.304184e-09	-2.351795e+01	-3.601780e+02
6.330000e-06	-4.432854e-09	-1.318157e-09	-2.376936e+01	-3.640204e+02
6.340000e-06	-4.479474e-09	-1.331613e-09	-2.401926e+01	-3.677295e+02
6.350000e-06	-4.525858e-09	-1.344751e-09	-2.426787e+01	-3.713450e+02
6.360000e-06	-4.572028e-09	-1.357926e-09	-2.451533e+01	-3.749867e+02
6.370000e-06	-4.617970e-09	-1.371746e-09	-2.476159e+01	-3.788190e+02
6.380000e-06	-4.663634e-09	-1.385801e-09	-2.500638e+01	-3.827145e+02
6.390000e-06	-4.708975e-09	-1.399458e-09	-2.524942e+01	-3.864705e+02
6.400000e-06	-4.753941e-09	-1.412370e-09	-2.549046e+01	-3.900047e+02
6.410000e-06	-4.798552e-09	-1.424679e-09	-2.572956e+01	-3.933786e+02
6.420000e-06	-4.842867e-09	-1.436613e-09	-2.596701e+01	-3.966575e+02
6.430000e-06	-4.886924e-09	-1.448407e-09	-2.620309e+01	-3.999166e+02
6.440000e-06	-4.930789e-09	-1.460345e-09	-2.643817e+01	-4.032248e+02
6.450000e-06	-4.974452e-09	-1.472259e-09	-2.667219e+01	-4.065212e+02
6.460000e-06	-5.017847e-09	-1.484038e-09	-2.690478e+01	-4.097686e+02
6.470000e-06	-5.060921e-09	-1.495830e-09	-2.713565e+01	-4.130147e+02
6.480000e-06	-5.103619e-09	-1.507463e-09	-2.736451e+01	-4.162205e+02
6.490000e-06	-5.145949e-09	-1.518591e-09	-2.759136e+01	-4.192850e+02
6.500000e-06	-5.187937e-09	-1.529414e-09	-2.781638e+01	-4.222590e+02
6.510000e-06	-5.229586e-09	-1.540412e-09	-2.803961e+01	-4.252696e+02
6.520000e-06	-5.270889e-09	-1.551408e-09	-2.826102e+01	-4.282868e+02
6.530000e-06	-5.311806e-09	-1.562141e-09	-2.848037e+01	-4.312536e+02
6.540000e-06	-5.352331e-09	-1.572686e-09	-2.869760e+01	-4.341672e+02
6.550000e-06	-5.392523e-09	-1.583153e-09	-2.891302e+01	-4.370368e+02
6.560000e-06	-5.432468e-09	-1.593611e-09	-2.912710e+01	-4.398988e+02
6.570000e-06	-5.472174e-09	-1.604022e-09	-2.933988e+01	-4.427617e+02
6.580000e-06	-5.511569e-09	-1.614105e-09	-2.955100e+01	-4.455448e+02
6.590000e-06	-5.550565e-09	-1.623540e-09	-2.975998e+01	-4.481512e+02
6.600000e-06	-5.589042e-09	-1.632825e-09	-2.996620e+01	-4.507086e+02
6.610000e-06	-5.626890e-09	-1.642426e-09	-3.016903e+01	-4.533465e+02
6.620000e-06	-5.664086e-09	-1.651788e-09	-3.036836e+01	-4.559115e+02
6.630000e-06	-5.700708e-09	-1.660583e-09	-3.056464e+01	-4.583266e+02
6.640000e-06	-5.736922e-09	-1.669461e-09	-3.075872e+01	-4.607698e+02
6.650000e-06	-5.772859e-09	-1.678769e-09	-3.095129e+01	-4.633244e+02
6.660000e-06	-5.808540e-09	-1.688217e-09	-3.114248e+01	-4.659180e+02
6.670000e-06	-5.843902e-09	-1.697290e-09	-3.133194e+01	-4.684219e+02
6.680000e-06	-5.878858e-09	-1.705722e-09	-3.151923e+01	-4.707581e+02
6.690000e-06	-5.913389e-09	-1.713747e-09	-3.170423e+01	-4.729755e+02
6.700000e-06	-5.947502e-09	-1.721903e-09	-3.188705e+01	-4.752213e+02
6.710000e-06	-5.981208e-09	-1.730664e-09	-3.206769e+01	-4.776254e+02
6.720000e-06	-6.014482e-09	-1.739602e-09	-3.224604e+01	-4.800755e+02
6.730000e-06	-6.047311e-09	-1.747833e-09	-3.242199e+01	-4.823321e+02
6.740000e-06	-6.079735e-09	-1.755441e-09	-3.259570e+01	-4.844275e+02
6.750000e-06	-6.111812e-09	-1.763330e-09	-3.276752e+01	-4.866052e+02
6.760000e-06	-6.143578e-09	-1.771476e-09	-3.293767e+01	-4.888405e+02
6.770000e-06	-6.174968e-09	-1.779243e-09	-3.310578e+01	-4.909740e+02
6.780000e-06	-6.205844e-09	-1.786520e-09	-3.327114e+01	-4.929811e+02
6.790000e-06	-6.236075e-09	-1.793383e-09	-3.343311e+01	-4.948792e+02
6.800000e-06	-6.265596e-09	-1.800283e-09	-3.359133e+01	-4.967841e+02
6.810000e-06	-6.294468e-09	-1.807624e-09	-3.374609e+01	-4.987916e+02
6.820000e-06	-6.322848e-09	-1.815094e-09	-3.389818e+01	-5.008304e+02
6.830000e-06	-6.350884e-09	-1.822113e-09	-3.404841e+01	-5.027611e+02
6.840000e-06	-6.378643e-09	-1.828733e-09	-3.419714e+01	-5.045872e+02
6.850000e-06	-6.406077e-09	-1.835277e-09	-3.434408e+01	-5.063758e+02
6.860000e-06	-6.433070e-09	-1.841535e-09	-3.448869e+01	-5.080877e+02
6.870000e-06	-6.459578e-09	-1.847516e-09	-3.463074e+01	-5.097401e+02
6.880000e-06	-6.485620e-09	-1.853602e-09	-3.477024e+01	-5.114264e+02
6.890000e-06	-6.511182e-09	-1.859853e-09	-3.490716e+01	-5.131545e+02
6.900000e-06	-6.536244e-09	-1.865922e-09	-3.504145e+01	-5.148271e+02
6.910000e-06	-6.560846e-09	-1.871777e-09	-3.517327e+01	-5.164305e+02
6.920000e-06	-6.585076e-09	-1.877380e-09	-3.530308e+01	-5.179614e+02
6.930000e-06	-6.609019e-09	-1.882547e-09	-3.543134e+01	-5.193985e+02
6.940000e-06	-6.632669e-09	-1.887841e-09	-3.555799e+01	-5.208741e+02
6.950000e-06	-6.655891e-09	-1.893508e-09	-3.568232e+01	-5.224236e+02
6.960000e-06	-6.678496e-09	-1.899090e-09	-3.580331e+01	-5.239411e+02
6.970000e-06	-6.700368e-09	-1.904454e-09	-3.592040e+01	-5.254046e+02
6.980000e-06	-6.721514e-09	-1.909481e-09	-3.603366e+01	-5.267927e+02
6.990000e-06	-6.742056e-09	-1.914137e-09	-3.614368e+01	-5.280918e+02
7.000000e-06	-6.762179e-09	-1.918661e-09	-3.625149e+01	-5.293412e+02
7.010000e-06	-6.781999e-09	-1.922980e-09	-3.635768e+01	-5.305239e+02
7.020000e-06	-6.801477e-09	-1.927186e-09	-3.646203e+01	-5.316913e+02
7.030000e-06	-6.820506e-09	-1.931528e-09	-3.656393e+01	-5.329072e+02
7.040000e-06	-6.839039e-09	-1.935873e-09	-3.666317e+01	-5.341076e+02
7.050000e-06	-6.857119e-09	-1.940034e-09	-3.675999e+01	-5.352283e+02
7.060000e-06	-6.874757e-09	-1.943883e-09	-3.685445e+01	-5.362643e+02
7.070000e-06	-6.891913e-09	-1.947735e-09	-3.694639e+01	-5.373186e+02
7.080000e-06	-6.908584e-09	-1.951645e-09	-3.703573e+01	-5.383979e+02
7.090000e-06	-6.924849e-09	-1.955140e-09	-3.712282e+01	-5.393757e+02
7.100000e-06	-6.940782e-09	-1.958330e-09	-3.720813e+01	-5.402606e+02
7.110000e-06	-6.956338e-09	-1.961599e-09	-3.729135e+01	-5.411568e+02
7.120000e-06	-6.971337e-09	-1.965066e-09	-3.737157e+01	-5.421059e+02
7.130000e-06	-6.985555e-09	-1.968365e-09	-3.744768e+01	-5.430135e+02
7.140000e-06	-6.998930e-09	-1.971236e-09	-3.751931e+01	-5.438054e+02
7.150000e-06	-7.011604e-09	-1.973843e-09	-3.758719e+01	-5.445105e+02
7.160000e-06	-7.023763e-09	-1.976329e-09	-3.765229e+01	-5.451727e+02
7.170000e-06	-7.035475e-09	-1.978900e-09	-3.771497e+01	-5.458742e+02
7.180000e-06	-7.046682e-09	-1.981661e-09	-3.777494e+01	-5.466525e+02
7.190000e-06	-7.057356e-09	-1.984238e-09	-3.783208e+01	-5.473674e+02
7.200000e-06	-7.067556e-09	-1.986316e-09	-3.788670e+01	-5.479345e+02
7.210000e-06	-7.077314e-09	-1.988463e-09	-3.793892e+01	-5.485183e+02
7.220000e-06	-7.086592e-09	-1.990717e-09	-3.798855e+01	-5.491263e+02
7.230000e-06	-7.095361e-09	-1.992353e-09	-3.803546e+01	-5.495867e+02
7.240000e-06	-7.103682e-09	-1.993629e-09	-3.807999e+01	-5.499614e+02
7.250000e-06	-7.111657e-09	-1.995469e-09	-3.812265e+01	-5.504676e+02
7.260000e-06	-7.119295e-09	-1.997926e-09	-3.816345e+01	-5.511170e+02
7.270000e-06	-7.126445e-09	-2.000033e-09	-3.820157e+01	-5.516873e+02
7.280000e-06	-7.132900e-09	-2.001560e-09	-3.823596e+01	-5.521366e+02
7.290000e-06	-7.138578e-09	-2.002728e-09	-3.826621e+01	-5.524975e+02
7.300000e-06	-7.143530e-09	-2.003762e-09	-3.829261e+01	-5.527950e+02
7.310000e-06	-7.147917e-09	-2.005037e-09	-3.831605e+01	-5.531260e+02
7.320000e-06	-7.151920e-09	-2.006380e-09	-3.833748e+01	-5.534809e+02
7.330000e-06	-7.155591e-09	-2.007605e-09	-3.835717e+01	-5.538149e+02
7.340000e-06	-7.158849e-09	-2.008692e-09	-3.837463e+01	-5.541083e+02
7.350000e-06	-7.161609e-09	-2.009593e-09	-3.838937e+01	-5.543560e+02
7.360000e-06	-7.163897e-09	-2.010452e-09	-3.840156e+01	-5.545930e+02
7.370000e-06	-7.165761e-09	-2.011180e-09	-3.841147e+01	-5.548044e+02
7.380000e-06	-7.167125e-09	-2.011411e-09	-3.841872e+01	-5.548852e+02
7.390000e-06	-7.167919e-09	-2.011069e-09	-3.842294e+01	-5.548036e+02
